1542348243336	1829
1542348243337	1828
1542348243335	1830
1542348245170	88
1542348245258	70
1542348245171	164
1542348245173	172
1542348245345	54
1542348245332	67
1542348245336	90
1542348245399	76
1542348245399	81
1542348245426	61
1542348245475	53
1542348245491	46
1542348245481	73
1542348245538	74
1542348245561	53
1542348245528	86
1542348245614	47
1542348245614	60
1542348245612	63
1542348245676	58
1542348245661	78
1542348245674	82
1542348245734	51
1542348245757	45
1542348245740	67
1542348245786	65
1542348245802	63
1542348245807	70
1542348245851	50
1542348245865	56
1542348245880	67
1542348245901	51
1542348245921	60
1542348245947	48
1542348245953	62
1542348245981	60
1542348245995	53
1542348246015	51
1542348246041	68
1542348246048	69
1542348246067	75
1542348246117	62
1542348246109	74
1542348246142	46
1542348246179	53
1542348246183	52
1542348246188	56
1542348246232	47
1542348246244	45
1542348246235	68
1542348246289	44
1542348246279	67
1542348246303	47
1542348246333	48
1542348246347	57
1542348246381	78
1542348246404	62
1542348246350	127
1542348246459	53
1542348246466	55
1542348246512	50
1542348246477	90
1542348246522	46
1542348246563	52
1542348246569	60
1542348246568	90
1542348246615	46
1542348246629	54
1542348246658	55
1542348246661	63
1542348246683	56
1542348246739	59
1542348246724	75
1542348246799	60
1542348246799	60
1542348246859	44
1542348246859	45
1542348246713	232
1542348246904	67
1542348246903	70
1542348246945	55
1542348246973	48
1542348246971	51
1542348247001	66
1542348247021	62
1542348247022	65
1542348247067	57
1542348247083	45
1542348247087	48
1542348247124	58
1542348247128	58
1542348247135	71
1542348247182	43
1542348247186	48
1542348247206	63
1542348247225	44
1542348247235	47
1542348247269	53
1542348247269	54
1542348247282	46
1542348247323	65
1542348247322	72
1542348247328	70
1542348247394	41
1542348247398	46
1542348247388	59
1542348247435	51
1542348247447	49
1542348247444	53
1542348247496	46
1542348247486	57
1542348247497	56
1542348247543	53
1542348247544	52
1542348247553	56
1542348247596	63
1542348247596	82
1542348247609	81
1542348247659	49
1542348247678	43
1542348247691	49
1542348247708	57
1542348247722	62
1542348247740	77
1542348247765	62
1542348247784	68
1542348247827	56
1542348247818	65
1542348247852	70
1542348247883	55
1542348247883	90
1542348247922	86
1542348247938	74
1542348247973	62
1542348248012	45
1542348248009	70
1542348248035	87
1542348248058	70
1542348248079	75
1542348248122	68
1542348248154	56
1542348248129	87
1542348248190	52
1542348248216	48
1542348248210	55
1542348248242	67
1542348248265	71
1542348248264	101
1542348248313	54
1542348248336	65
1542348248366	43
1542348248367	73
1542348248402	48
1542348248409	76
1542348248440	79
1542348248450	74
1542348248485	55
1542348248524	75
1542348248540	65
1542348248520	115
1542348248635	67
1542348248635	80
1542348248635	83
1542348248702	44
1542348248718	45
1542348248715	70
1542348248746	60
1542348248763	46
1542348248785	57
1542348248807	74
1542348248809	73
1542348248842	55
1542348248882	53
1542348248881	67
1542348248897	53
1542348248935	55
1542348248948	61
1542348248951	67
1542348248990	44
1542348249009	42
1542348249018	40
1542348249055	57
1542348249058	54
1542348249034	96
1542348249112	72
1542348249112	76
1542348249137	85
1542348249185	52
1542348249189	60
1542348249224	64
1542348249237	53
1542348249249	50
1542348249288	49
1542348249291	48
1542348249300	78
1542348249337	52
1542348249368	51
1542348249380	41
1542348249389	48
1542348249419	73
1542348249439	53
1542348249421	72
1542348249492	51
1542348249492	52
1542348249493	53
1542348249544	44
1542348249546	48
1542348249544	62
1542348249588	46
1542348249595	41
1542348249606	51
1542348249636	38
1542348249634	53
1542348249657	42
1542348249674	76
1542348249687	67
1542348249699	62
1542348249754	56
1542348249750	62
1542348249761	67
1542348249810	61
1542348249812	59
1542348249828	44
1542348249871	41
1542348249871	42
1542348249873	44
1542348249914	44
1542348249914	53
1542348249917	53
1542348249968	57
1542348249958	67
1542348249970	63
1542348250025	81
1542348250025	82
1542348250033	75
1542348250106	64
1542348250113	90
1542348250113	93
1542348250170	59
1542348250203	44
1542348250206	49
1542348250229	55
1542348250255	38
1542348250247	56
1542348250284	56
1542348250293	47
1542348250303	57
1542348250360	56
1542348250341	77
1542348250341	79
1542348250420	53
1542348250416	57
1542348250419	76
1542348250473	40
1542348250473	41
1542348250495	57
1542348250514	42
1542348250513	50
1542348250552	47
1542348250556	55
1542348250563	56
1542348250612	59
1542348250600	72
1542348250619	54
1542348250672	58
1542348250673	58
1542348250671	63
1542348250731	48
1542348250730	54
1542348250735	51
1542348250779	46
1542348250786	52
1542348250784	70
1542348250839	61
1542348250825	76
1542348250854	48
1542348250901	83
1542348250901	85
1542348250902	85
1542348251003	59
1542348251016	52
1542348251016	56
1542348251063	44
1542348251068	62
1542348251072	66
1542348251107	53
1542348251130	54
1542348251138	47
1542348251160	64
1542348251185	45
1542348251184	55
1542348251239	62
1542348251225	76
1542348251230	76
1542348251301	67
1542348251301	68
1542348251306	64
1542348251375	44
1542348251380	49
1542348251373	66
1542348251419	51
1542348251429	58
1542348251440	61
1542348251470	56
1542348251487	48
1542348251501	55
1542348251535	61
1542348251527	72
1542348251556	49
1542348251599	56
1542348251596	64
1542348251605	68
1542348251657	45
1542348251662	47
1542348251674	57
1542348251706	43
1542348251709	46
1542348251731	43
1542348251749	60
1542348251775	38
1542348251755	68
1542348251809	51
1542348251813	85
1542348251823	81
1542348251860	50
1542348251898	45
1542348251904	45
1542348251910	47
1542348251949	57
1542348251943	70
1542348251957	58
1542348252006	49
1542348252013	44
1542348252016	66
1542348252057	44
1542348252055	74
1542348252082	63
1542348252101	67
1542348252129	60
1542348252145	65
1542348252169	54
1542348252189	52
1542348252210	48
1542348252223	49
1542348252241	45
1542348252272	38
1542348252258	54
1542348252286	37
1542348252311	48
1542348252323	56
1542348252312	77
1542348252359	50
1542348252379	63
1542348252389	56
1542348252409	53
1542348252442	49
1542348252445	51
1542348252462	62
1542348252496	43
1542348252491	55
1542348252524	49
1542348252539	46
1542348252546	59
1542348252574	44
1542348252585	68
1542348252605	57
1542348252619	53
1542348252653	56
1542348252662	49
1542348252672	48
1542348252709	47
1542348252711	51
1542348252720	48
1542348252756	53
1542348252762	84
1542348252809	45
1542348252769	89
1542348252847	46
1542348252858	43
1542348252854	69
1542348252893	62
1542348252901	65
1542348252924	57
1542348252955	49
1542348252967	52
1542348252981	49
1542348253004	51
1542348253019	54
1542348253030	55
1542348253055	50
1542348253073	60
1542348253086	49
1542348253105	49
1542348253135	49
1542348253134	52
1542348253154	55
1542348253184	55
1542348253186	57
1542348253210	55
1542348253239	55
1542348253244	50
1542348253265	61
1542348253294	40
1542348253295	49
1542348253326	57
1542348253334	52
1542348253344	83
1542348253384	58
1542348253386	64
1542348253427	39
1542348253442	47
1542348253451	43
1542348253466	57
1542348253495	62
1542348253489	116
1542348253557	48
1542348253523	84
1542348253605	78
1542348253605	92
1542348253607	92
1542348253697	46
1542348253684	72
1542348253699	61
1542348253763	46
1542348253763	49
1542348253763	59
1542348253809	55
1542348253812	53
1542348253822	48
1542348253864	51
1542348253865	60
1542348253872	63
1542348253935	51
1542348253917	88
1542348253925	81
1542348253987	64
1542348254007	54
1542348254007	56
1542348254061	40
1542348254064	45
1542348254051	59
1542348254101	56
1542348254109	54
1542348254110	54
1542348254157	57
1542348254163	51
1542348254164	54
1542348254215	50
1542348254218	47
1542348254214	51
1542348254265	51
1542348254265	60
1542348254265	60
1542348254325	43
1542348254316	63
1542348254325	64
1542348254368	57
1542348254379	47
1542348254389	54
1542348254425	53
1542348254426	56
1542348254443	52
1542348254482	49
1542348254478	64
1542348254495	65
1542348254542	53
1542348254531	69
1542348254560	54
1542348254600	43
1542348254614	43
1542348254595	64
1542348254657	53
1542348254643	67
1542348254659	63
1542348254710	51
1542348254710	57
1542348254722	55
1542348254761	45
1542348254777	51
1542348254767	69
1542348254806	56
1542348254829	47
1542348254836	48
1542348254862	50
1542348254876	50
1542348254884	48
1542348254912	44
1542348254932	42
1542348254926	48
1542348254956	44
1542348254974	50
1542348254974	51
1542348255000	50
1542348255024	47
1542348255025	48
1542348255051	51
1542348255071	44
1542348255073	42
1542348255115	42
1542348255115	42
1542348255102	71
1542348255167	47
1542348255166	52
1542348255174	48
1542348255215	46
1542348255218	48
1542348255222	47
1542348255269	45
1542348255261	54
1542348255267	49
1542348255317	48
1542348255314	59
1542348255315	94
1542348255365	45
1542348255373	63
1542348255409	61
1542348255410	70
1542348255436	45
1542348255470	46
1542348255480	40
1542348255481	43
1542348255520	46
1542348255524	44
1542348255519	57
1542348255566	50
1542348255576	51
1542348255568	59
1542348255627	46
1542348255616	58
1542348255627	50
1542348255674	46
1542348255674	53
1542348255677	56
1542348255720	62
1542348255727	84
1542348255782	62
1542348255733	121
1542348255811	60
1542348255854	48
1542348255844	65
1542348255871	59
1542348255909	47
1542348255930	44
1542348255902	73
1542348255956	50
1542348255975	43
1542348255974	44
1542348256011	53
1542348256018	57
1542348256018	77
1542348256075	44
1542348256065	55
1542348256101	58
1542348256119	47
1542348256121	58
1542348256166	53
1542348256161	58
1542348256179	44
1542348256219	61
1542348256219	61
1542348256223	64
1542348256281	42
1542348256281	45
1542348256288	46
1542348256323	59
1542348256326	56
1542348256334	50
1542348256383	42
1542348256385	48
1542348256383	63
1542348256425	52
1542348256434	51
1542348256446	66
1542348256477	51
1542348256485	50
1542348256512	56
1542348256528	67
1542348256535	60
1542348256568	48
1542348256597	46
1542348256597	59
1542348256616	73
1542348256643	46
1542348256656	42
1542348256690	52
1542348256690	53
1542348256698	59
1542348256743	51
1542348256743	51
1542348256759	51
1542348256794	46
1542348256794	54
1542348256810	52
1542348256840	55
1542348256848	48
1542348256863	60
1542348256896	46
1542348256896	59
1542348256923	66
1542348256942	46
1542348256955	56
1542348256989	60
1542348256989	67
1542348257012	53
1542348257049	51
1542348257056	46
1542348257065	46
1542348257102	57
1542348257100	71
1542348257112	68
1542348257159	48
1542348257180	51
1542348257171	64
1542348257208	50
1542348257231	74
1542348257235	84
1542348257258	63
1542348257305	60
1542348257321	49
1542348257320	51
1542348257365	49
1542348257371	44
1542348257371	57
1542348257415	44
1542348257415	46
1542348257428	67
1542348257459	51
1542348257461	55
1542348257495	87
1542348257510	83
1542348257516	79
1542348257582	49
1542348257595	59
1542348257593	62
1542348257631	41
1542348257655	37
1542348257654	60
1542348257673	57
1542348257692	47
1542348257714	40
1542348257730	60
1542348257739	51
1542348257754	65
1542348257791	83
1542348257791	83
1542348257820	54
1542348257874	72
1542348257874	75
1542348257874	81
1542348257946	43
1542348257950	55
1542348257955	51
1542348257989	46
1542348258006	38
1542348258005	61
1542348258035	52
1542348258044	50
1542348258067	57
1542348258087	56
1542348258094	68
1542348258124	62
1542348258143	44
1542348258162	45
1542348258186	54
1542348258187	60
1542348258207	46
1542348258240	57
1542348258254	49
1542348258247	61
1542348258297	64
1542348258303	58
1542348258308	53
1542348258361	61
1542348258361	69
1542348258361	69
1542348258422	63
1542348258430	57
1542348258430	71
1542348258485	47
1542348258501	45
1542348258487	72
1542348258532	44
1542348258546	44
1542348258590	50
1542348258576	66
1542348258559	88
1542348258641	43
1542348258642	44
1542348258647	45
1542348258686	53
1542348258684	56
1542348258692	50
1542348258739	41
1542348258740	42
1542348258742	78
1542348258782	47
1542348258781	49
1542348258820	46
1542348258829	52
1542348258830	71
1542348258866	48
1542348258881	48
1542348258914	52
1542348258929	48
1542348258901	78
1542348258977	41
1542348258966	55
1542348258979	45
1542348259024	57
1542348259021	61
1542348259018	72
1542348259081	48
1542348259082	65
1542348259090	57
1542348259129	58
1542348259147	47
1542348259147	69
1542348259188	46
1542348259195	44
1542348259216	47
1542348259234	52
1542348259239	49
1542348259263	40
1542348259286	39
1542348259288	49
1542348259303	52
1542348259325	46
1542348259337	54
1542348259355	53
1542348259371	54
1542348259391	45
1542348259408	53
1542348259425	50
1542348259436	47
1542348259461	41
1542348259475	42
1542348259483	49
1542348259502	36
1542348259517	40
1542348259538	41
1542348259532	49
1542348259557	45
1542348259581	42
1542348259579	61
1542348259623	41
1542348259602	68
1542348259640	66
1542348259664	48
1542348259670	47
1542348259706	55
1542348259712	57
1542348259717	56
1542348259773	40
1542348259769	47
1542348259761	58
1542348259816	48
1542348259819	45
1542348259813	89
1542348259864	53
1542348259864	61
1542348259917	59
1542348259902	78
1542348259925	64
1542348259976	48
1542348259980	53
1542348259989	83
1542348260024	54
1542348260033	69
1542348260078	51
1542348260072	57
1542348260103	41
1542348260129	49
1542348260129	50
1542348260144	42
1542348260179	47
1542348260179	48
1542348260186	46
1542348260232	69
1542348260227	75
1542348260227	76
1542348260302	46
1542348260301	78
1542348260348	45
1542348260303	93
1542348260379	45
1542348260393	40
1542348260396	40
1542348260425	53
1542348260436	43
1542348260433	54
1542348260478	49
1542348260479	48
1542348260487	98
1542348260527	69
1542348260527	71
1542348260585	51
1542348260596	42
1542348260598	68
1542348260636	47
1542348260638	70
1542348260683	38
1542348260666	60
1542348260708	37
1542348260726	38
1542348260721	65
1542348260745	41
1542348260764	43
1542348260786	49
1542348260786	73
1542348260835	69
1542348260861	48
1542348260807	103
1542348260909	37
1542348260910	44
1542348260905	55
1542348260946	36
1542348260955	40
1542348260960	43
1542348260995	49
1542348260982	65
1542348261003	47
1542348261044	49
1542348261050	43
1542348261047	52
1542348261093	40
1542348261093	48
1542348261099	61
1542348261141	55
1542348261133	65
1542348261160	64
1542348261196	62
1542348261198	60
1542348261224	62
1542348261259	43
1542348261259	53
1542348261286	52
1542348261302	48
1542348261312	51
1542348261338	45
1542348261350	58
1542348261363	54
1542348261383	52
1542348261408	57
1542348261435	68
1542348261465	42
1542348261417	92
1542348261510	44
1542348261505	51
1542348261507	52
1542348261556	60
1542348261554	67
1542348261559	69
1542348261617	49
1542348261621	54
1542348261630	59
1542348261669	52
1542348261676	51
1542348261689	54
1542348261727	45
1542348261721	51
1542348261772	42
1542348261772	44
1542348261817	53
1542348261814	65
1542348261870	59
1542348261879	60
1542348261929	51
1542348261939	54
1542348261743	285
1542348261993	42
1542348261980	60
1542348262028	63
1542348262040	54
1542348262035	63
1542348262094	69
1542348262098	65
1542348262091	74
1542348262163	57
1542348262163	57
1542348262166	57
1542348262223	45
1542348262220	48
1542348262220	58
1542348262269	66
1542348262269	66
1542348262278	81
1542348262335	80
1542348262359	56
1542348262335	89
1542348262424	59
1542348262415	69
1542348262415	70
1542348262484	50
1542348262485	56
1542348262483	63
1542348262534	40
1542348262541	50
1542348262546	46
1542348262574	47
1542348262592	47
1542348262591	55
1542348262622	58
1542348262639	76
1542348262646	70
1542348262680	65
1542348262717	44
1542348262715	49
1542348262745	52
1542348262761	54
1542348262765	54
1542348262797	54
1542348262815	44
1542348262819	49
1542348262851	43
1542348262859	50
1542348262868	54
1542348262894	45
1542348262909	57
1542348262922	76
1542348262940	63
1542348262966	51
1542348262998	49
1542348263017	65
1542348263003	80
1542348263047	48
1542348263082	59
1542348263084	58
1542348263096	63
1542348263142	38
1542348263142	47
1542348263160	65
1542348263181	50
1542348263189	45
1542348263225	64
1542348263234	62
1542348263231	68
1542348263299	47
1542348263289	57
1542348263296	63
1542348263346	51
1542348263347	50
1542348263359	60
1542348263398	55
1542348263398	59
1542348263425	58
1542348263453	51
1542348263457	47
1542348263484	46
1542348263505	73
1542348263530	57
1542348263506	81
1542348263578	59
1542348263587	57
1542348263587	73
1542348263637	52
1542348263644	50
1542348263660	57
1542348263694	42
1542348263689	52
1542348263717	45
1542348263736	43
1542348263741	48
1542348263762	38
1542348263790	49
1542348263779	79
1542348263800	64
1542348263839	67
1542348263858	48
1542348263864	47
1542348263906	54
1542348263906	54
1542348263911	53
1542348263960	46
1542348263964	50
1542348263960	56
1542348264006	56
1542348264014	48
1542348264016	48
1542348264064	47
1542348264062	65
1542348264062	66
1542348264111	54
1542348264128	72
1542348264127	79
1542348264201	40
1542348264165	77
1542348264206	50
1542348264242	54
1542348264241	63
1542348264256	64
1542348264296	40
1542348264304	41
1542348264336	40
1542348264320	60
1542348264345	60
1542348264376	41
1542348264405	74
1542348264380	99
1542348264417	70
1542348264479	47
1542348264479	49
1542348264487	48
1542348264528	50
1542348264536	47
1542348264526	77
1542348264583	38
1542348264579	43
1542348264603	39
1542348264622	55
1542348264642	46
1542348264621	69
1542348264677	50
1542348264690	47
1542348264688	51
1542348264727	55
1542348264739	51
1542348264737	55
1542348264782	43
1542348264790	51
1542348264793	48
1542348264825	65
1542348264841	62
1542348264841	65
1542348264903	46
1542348264890	61
1542348264906	47
1542348264953	53
1542348264951	54
1542348264949	57
1542348265006	58
1542348265007	61
1542348265007	62
1542348265064	42
1542348265069	51
1542348265068	58
1542348265107	49
1542348265120	42
1542348265127	41
1542348265162	43
1542348265168	45
1542348265156	63
1542348265213	67
1542348265219	64
1542348265205	95
1542348265283	62
1542348265300	75
1542348265281	97
1542348265345	74
1542348265378	45
1542348265375	61
1542348265419	51
1542348265423	54
1542348265437	48
1542348265470	55
1542348265486	44
1542348265477	63
1542348265530	43
1542348265525	54
1542348265540	49
1542348265573	46
1542348265579	54
1542348265590	49
1542348265634	55
1542348265639	53
1542348265619	82
1542348265701	41
1542348265689	56
1542348265692	54
1542348265742	43
1542348265745	65
1542348265746	67
1542348265785	53
1542348265813	46
1542348265811	49
1542348265838	51
1542348265859	45
1542348265860	53
1542348265889	51
1542348265913	41
1542348265904	56
1542348265940	43
1542348265954	43
1542348265960	48
1542348265983	48
1542348265997	53
1542348266008	42
1542348266031	44
1542348266050	47
1542348266050	60
1542348266075	51
1542348266097	47
1542348266110	58
1542348266126	48
1542348266144	54
1542348266168	46
1542348266174	54
1542348266198	56
1542348266228	48
1542348266214	65
1542348266254	71
1542348266276	56
1542348266280	54
1542348266325	53
1542348266332	49
1542348266334	60
1542348266378	62
1542348266381	64
1542348266394	51
1542348266440	40
1542348266445	43
1542348266445	44
1542348266480	47
1542348266489	46
1542348266488	69
1542348266527	74
1542348266535	71
1542348266557	57
1542348266606	44
1542348266601	49
1542348266614	50
1542348266650	53
1542348266650	55
1542348266664	45
1542348266703	38
1542348266705	44
1542348266709	57
1542348266741	48
1542348266749	42
1542348266766	61
1542348266789	53
1542348266791	55
1542348266827	47
1542348266843	43
1542348266875	46
1542348266846	84
1542348266921	52
1542348266930	52
1542348266886	123
1542348266973	47
1542348266982	39
1542348267009	35
1542348267020	41
1542348267021	58
1542348267044	47
1542348267061	64
1542348267079	55
1542348267091	56
1542348267134	87
1542348267126	98
1542348267147	90
1542348267221	57
1542348267224	54
1542348267237	61
1542348267278	41
1542348267278	48
1542348267298	42
1542348267320	47
1542348267327	42
1542348267340	45
1542348267367	52
1542348267369	54
1542348267385	43
1542348267419	49
1542348267428	48
1542348267423	55
1542348267468	57
1542348267478	67
1542348267476	77
1542348267525	39
1542348267545	46
1542348267553	50
1542348267564	40
1542348267591	73
1542348267605	61
1542348267603	64
1542348267667	60
1542348267664	78
1542348267666	76
1542348267727	71
1542348267742	56
1542348267742	57
1542348267799	52
1542348267798	69
1542348267798	69
1542348267851	41
1542348267868	42
1542348267868	45
1542348267892	62
1542348267910	51
1542348267913	48
1542348267955	46
1542348267961	47
1542348267961	57
1542348268001	68
1542348268008	82
1542348268018	72
1542348268089	53
1542348268090	59
1542348268090	68
1542348268143	42
1542348268149	52
1542348268165	46
1542348268185	62
1542348268201	51
1542348268211	49
1542348268247	47
1542348268252	52
1542348268261	47
1542348268294	57
1542348268304	60
1542348268308	77
1542348268351	47
1542348268364	57
1542348268398	45
1542348268421	49
1542348268386	87
1542348268444	51
1542348268470	51
1542348268473	61
1542348268496	57
1542348268521	55
1542348268534	45
1542348268553	53
1542348268577	44
1542348268579	44
1542348268607	64
1542348268621	62
1542348268623	64
1542348268673	49
1542348268683	54
1542348268687	51
1542348268738	42
1542348268737	50
1542348268722	76
1542348268780	49
1542348268787	48
1542348268798	48
1542348268830	50
1542348268835	57
1542348268880	50
1542348268892	54
1542348268930	47
1542348268946	69
1542348268977	39
1542348269016	38
1542348269015	44
1542348269054	59
1542348269059	54
1542348269113	48
1542348269113	48
1542348269161	60
1542348269161	69
1542348269221	51
1542348269230	70
1542348269272	46
1542348269300	45
1542348269318	59
1542348269346	61
1542348269377	44
1542348269421	41
1542348269407	59
1542348269466	43
1542348269462	57
1542348269510	53
1542348269519	44
1542348269563	40
1542348269563	58
1542348269603	50
1542348269621	47
1542348269653	59
1542348269668	47
1542348268848	877
1542348269712	53
1542348269715	65
1542348269725	63
1542348269765	48
1542348269780	53
1542348269789	70
1542348269813	56
1542348269833	67
1542348269859	47
1542348269869	42
1542348269900	54
1542348269911	48
1542348269906	55
1542348269954	47
1542348269961	56
1542348269959	59
1542348270001	44
1542348270017	39
1542348270018	41
1542348270045	45
1542348270056	51
1542348270059	59
1542348270090	60
1542348270107	56
1542348270118	60
1542348270150	57
1542348270163	53
1542348270178	47
1542348270217	46
1542348270225	48
1542348270207	72
1542348270263	46
1542348270273	37
1542348270279	38
1542348270309	41
1542348270310	49
1542348270317	49
1542348270350	65
1542348270366	49
1542348270359	61
1542348270420	52
1542348270415	59
1542348270415	65
1542348270472	44
1542348270480	42
1542348270474	50
1542348270517	43
1542348270522	44
1542348270524	47
1542348270561	46
1542348270572	47
1542348270566	53
1542348270619	59
1542348270619	59
1542348270607	72
1542348270679	48
1542348270679	48
1542348270679	49
1542348270727	71
1542348270728	71
1542348270727	73
1542348270800	45
1542348270799	47
1542348270798	62
1542348270846	44
1542348270845	48
1542348270860	48
1542348270893	58
1542348270908	45
1542348270890	67
1542348270951	52
1542348270953	58
1542348270957	54
1542348271003	66
1542348271011	67
1542348271011	72
1542348271069	40
1542348271083	45
1542348271078	52
1542348271109	44
1542348271128	45
1542348271130	49
1542348271153	63
1542348271179	51
1542348271173	58
1542348271216	41
1542348271231	59
1542348271231	68
1542348271257	64
1542348271290	47
1542348271299	46
1542348271321	55
1542348271337	47
1542348271345	63
1542348271376	48
1542348271384	56
1542348271408	39
1542348271424	51
1542348271440	44
1542348271447	48
1542348271475	45
1542348271484	42
1542348271495	46
1542348271521	53
1542348271526	49
1542348271541	52
1542348271574	45
1542348271575	45
1542348271593	47
1542348271619	83
1542348271640	70
1542348271620	91
1542348271703	61
1542348271711	54
1542348271710	56
1542348271766	48
1542348271764	50
1542348271766	50
1542348271814	50
1542348271814	56
1542348271816	56
1542348271870	42
1542348271872	40
1542348271864	48
1542348271912	43
1542348271912	44
1542348271912	44
1542348271955	68
1542348271956	73
1542348271956	83
1542348272023	61
1542348272029	55
1542348272039	60
1542348272084	52
1542348272084	52
1542348272099	41
1542348272136	45
1542348272140	46
1542348272136	58
1542348272194	42
1542348272186	57
1542348272181	73
1542348272236	77
1542348272243	71
1542348272254	60
1542348272314	43
1542348272313	46
1542348272314	48
1542348272359	47
1542348272357	49
1542348272362	44
1542348272406	44
1542348272406	55
1542348272406	55
1542348272450	52
1542348272461	51
1542348272461	59
1542348272502	60
1542348272512	50
1542348272521	52
1542348272562	49
1542348272562	56
1542348272573	58
1542348272618	49
1542348272631	40
1542348272611	69
1542348272680	38
1542348272667	58
1542348272671	61
1542348272718	50
1542348272732	44
1542348272726	52
1542348272768	57
1542348272779	48
1542348272777	51
1542348272825	52
1542348272828	58
1542348272827	63
1542348272877	51
1542348272886	45
1542348272931	41
1542348272928	56
1542348272972	45
1542348272984	36
1542348272890	132
1542348273023	51
1542348273018	56
1542348273021	57
1542348273075	54
1542348273076	56
1542348273078	56
1542348273129	48
1542348273132	61
1542348273134	71
1542348273193	41
1542348273177	62
1542348273205	40
1542348273234	59
1542348273245	58
1542348273239	81
1542348273293	53
1542348273303	48
1542348273320	61
1542348273351	39
1542348273346	44
1542348273381	57
1542348273390	53
1542348273390	63
1542348273438	54
1542348273453	40
1542348273443	52
1542348273493	41
1542348273492	45
1542348273495	45
1542348273537	49
1542348273534	52
1542348273540	48
1542348273586	44
1542348273586	50
1542348273589	50
1542348273631	44
1542348273636	55
1542348273639	52
1542348273691	41
1542348273691	42
1542348273675	61
1542348273732	58
1542348273736	59
1542348273733	66
1542348273799	56
1542348273790	66
1542348273795	67
1542348273855	46
1542348273856	47
1542348273862	44
1542348273903	48
1542348273901	50
1542348273906	49
1542348273951	45
1542348273951	48
1542348273955	47
1542348273996	52
1542348273999	55
1542348274002	69
1542348274048	50
1542348274054	48
1542348274071	60
1542348274098	47
1542348274102	48
1542348274131	40
1542348274150	51
1542348274145	56
1542348274172	41
1542348274201	48
1542348274213	50
1542348274201	63
1542348274249	42
1542348274264	39
1542348274263	44
1542348274291	57
1542348274303	68
1542348274307	72
1542348274348	48
1542348274371	42
1542348274379	44
1542348274413	45
1542348274396	64
1542348274424	49
1542348274458	51
1542348274460	50
1542348274473	46
1542348274510	45
1542348274510	49
1542348274519	57
1542348274559	51
1542348274555	55
1542348274576	48
1542348274610	73
1542348274624	62
1542348274610	76
1542348274686	40
1542348274686	48
1542348274684	50
1542348274735	43
1542348274735	47
1542348274727	59
1542348274779	46
1542348274783	42
1542348274786	51
1542348274825	51
1542348274837	41
1542348274825	53
1542348274878	43
1542348274876	45
1542348274878	46
1542348274961	46
1542348274962	58
1542348274963	57
1542348275008	49
1542348275021	39
1542348275020	51
1542348275057	45
1542348275060	44
1542348275071	51
1542348275104	44
1542348275102	46
1542348275123	48
1542348275148	44
1542348275148	44
1542348275171	55
1542348275192	71
1542348275192	73
1542348275226	48
1542348275263	64
1542348275274	53
1542348275265	65
1542348275330	41
1542348275328	50
1542348275328	50
1542348275371	46
1542348275378	51
1542348275378	51
1542348275429	39
1542348275417	51
1542348275431	71
1542348275468	52
1542348275468	53
1542348275502	58
1542348275521	73
1542348275521	94
1542348275560	55
1542348275615	43
1542348275615	44
1542348275594	68
1542348275662	43
1542348275658	49
1542348275659	67
1542348275705	48
1542348275707	50
1542348275726	59
1542348275753	41
1542348275757	48
1542348275785	54
1542348275794	59
1542348275805	73
1542348275839	62
1542348275853	48
1542348275878	41
1542348275901	47
1542348275901	51
1542348275919	42
1542348275952	43
1542348275948	59
1542348275961	48
1542348275995	38
1542348276007	50
1542348276009	55
1542348276033	59
1542348276057	44
1542348276064	45
1542348276116	54
1542348276116	56
1542348276116	75
1542348276170	55
1542348276172	56
1542348276192	56
1542348276225	40
1542348276228	43
1542348276248	42
1542348276271	41
1542348276265	48
1542348276290	38
1542348276312	43
1542348276313	42
1542348276332	44
1542348276355	47
1542348276355	52
1542348276376	64
1542348276412	55
1542348276412	62
1542348276467	49
1542348276474	43
1542348276440	78
1542348276518	48
1542348276517	50
1542348276516	58
1542348276567	47
1542348276566	52
1542348276574	53
1542348276614	44
1542348276619	50
1542348276627	43
1542348276658	50
1542348276669	49
1542348276670	54
1542348276708	55
1542348276719	48
1542348276724	79
1542348276763	57
1542348276767	76
1542348276811	62
1542348276820	61
1542348276843	40
1542348276873	46
1542348276882	46
1542348276883	47
1542348276919	48
1542348276928	52
1542348276930	56
1542348276967	49
1542348276986	64
1542348276981	69
1542348277016	63
1542348277050	77
1542348277050	86
1542348277127	43
1542348277079	101
1542348277136	53
1542348277170	55
1542348277180	45
1542348277189	58
1542348277235	44
1542348277235	50
1542348277247	44
1542348277279	62
1542348277285	57
1542348277292	59
1542348277342	48
1542348277341	62
1542348277352	56
1542348277390	45
1542348277409	42
1542348277406	48
1542348277436	50
1542348277454	42
1542348277451	59
1542348277487	49
1542348277496	64
1542348277510	70
1542348277536	45
1542348277560	44
1542348277581	41
1542348277581	43
1542348277604	62
1542348277622	47
1542348277624	47
1542348277666	49
1542348277669	49
1542348277671	52
1542348277723	41
1542348277715	70
1542348277718	67
1542348277778	60
1542348277785	54
1542348277785	59
1542348277839	48
1542348277844	44
1542348277838	55
1542348277894	44
1542348277888	52
1542348277887	55
1542348277938	42
1542348277940	61
1542348277942	59
1542348277980	61
1542348278001	49
1542348278001	50
1542348278050	41
1542348278050	52
1542348278051	52
1542348278091	38
1542348278102	50
1542348278103	50
1542348278129	54
1542348278153	44
1542348278152	49
1542348278183	48
1542348278198	61
1542348278201	71
1542348278232	66
1542348278259	46
1542348278299	44
1542348278306	45
1542348278272	105
1542348278343	47
1542348278351	47
1542348278378	55
1542348278427	51
1542348278427	60
1542348278443	58
1542348278487	47
1542348278478	69
1542348278501	56
1542348278534	49
1542348278557	46
1542348278547	56
1542348278583	54
1542348278603	44
1542348278604	50
1542348278637	42
1542348278654	43
1542348278647	60
1542348278680	41
1542348278707	51
1542348278697	63
1542348278721	48
1542348278758	50
1542348278760	57
1542348278769	55
1542348278808	52
1542348278817	70
1542348278824	64
1542348278865	51
1542348278888	45
1542348278888	59
1542348278917	66
1542348278933	62
1542348278947	48
1542348278997	53
1542348278995	54
1542348278996	54
1542348279052	43
1542348279051	45
1542348279052	45
1542348279097	43
1542348279097	49
1542348279098	65
1542348279146	44
1542348279140	53
1542348279163	36
1542348279220	45
1542348279220	46
1542348279220	60
1542348279268	59
1542348279268	59
1542348279280	47
1542348279327	45
1542348279327	46
1542348279327	46
1542348279373	53
1542348279372	60
1542348279373	59
1542348279426	54
1542348279432	67
1542348279432	74
1542348279480	64
1542348279534	41
1542348279534	44
1542348279545	67
1542348279575	53
1542348279579	49
1542348279612	49
1542348279629	50
1542348279629	51
1542348279661	46
1542348279681	50
1542348279679	51
1542348279707	48
1542348279731	52
1542348279731	69
1542348279755	55
1542348279783	52
1542348279808	59
1542348279810	74
1542348279835	53
1542348279905	53
1542348279905	53
1542348279905	54
1542348279958	41
1542348279958	61
1542348279959	61
1542348280046	43
1542348280000	97
1542348280046	54
1542348280113	42
1542348280113	54
1542348280113	70
1542348280167	45
1542348280183	59
1542348280156	89
1542348280212	48
1542348280242	46
1542348280245	47
1542348280260	53
1542348280288	42
1542348280293	51
1542348280313	46
1542348280330	54
1542348280345	43
1542348280359	46
1542348280388	40
1542348280384	46
1542348280405	42
1542348280428	46
1542348280430	47
1542348280447	54
1542348280474	46
1542348280477	52
1542348280501	48
1542348280529	44
1542348280520	54
1542348280549	53
1542348280573	43
1542348280575	45
1542348280602	53
1542348280620	58
1542348280616	69
1542348280655	42
1542348280678	56
1542348280685	50
1542348280697	42
1542348280735	55
1542348280739	52
1542348280735	69
1542348280791	48
1542348280790	66
1542348280804	54
1542348280839	38
1542348280856	47
1542348280859	49
1542348280877	39
1542348280903	56
1542348280908	84
1542348280916	79
1542348280959	48
1542348280992	50
1542348280995	49
1542348281007	45
1542348281042	42
1542348281044	41
1542348281052	58
1542348281084	43
1542348281085	54
1542348281111	67
1542348281127	51
1542348281139	49
1542348281178	53
1542348281178	76
1542348281188	67
1542348281231	58
1542348281254	49
1542348281255	49
1542348281289	43
1542348281303	57
1542348281304	68
1542348281332	55
1542348281360	45
1542348281373	39
1542348281387	48
1542348281405	38
1542348281412	44
1542348281436	41
1542348281443	54
1542348281456	69
1542348281477	54
1542348281497	45
1542348281525	50
1542348281531	68
1542348281542	66
1542348281575	57
1542348281599	42
1542348281608	46
1542348281633	42
1542348281641	52
1542348281655	54
1542348281675	44
1542348281693	48
1542348281719	59
1542348281709	69
1542348281742	55
1542348281778	42
1542348281778	54
1542348281797	48
1542348281845	49
1542348281820	73
1542348281832	61
1542348281894	46
1542348281905	44
1542348281905	46
1542348281941	43
1542348281949	36
1542348281951	46
1542348281984	62
1542348281985	62
1542348281997	51
1542348282047	51
1542348282046	52
1542348282048	52
1542348282098	51
1542348282100	50
1542348282098	57
1542348282149	48
1542348282150	48
1542348282155	66
1542348282198	45
1542348282199	58
1542348282221	46
1542348282243	60
1542348282257	47
1542348282267	57
1542348282304	49
1542348282303	51
1542348282324	49
1542348282353	52
1542348282354	52
1542348282373	49
1542348282406	62
1542348282405	64
1542348282422	50
1542348282469	47
1542348282472	44
1542348282469	48
1542348282517	58
1542348282516	60
1542348282516	68
1542348282576	55
1542348282584	47
1542348282575	58
1542348282631	51
1542348282631	51
1542348282633	51
1542348282682	44
1542348282684	43
1542348282682	47
1542348282726	45
1542348282727	58
1542348282729	56
1542348282771	65
1542348282786	51
1542348282786	52
1542348282836	50
1542348282838	49
1542348282838	50
1542348282886	47
1542348282887	47
1542348282888	51
1542348282939	41
1542348282933	52
1542348282934	63
1542348282985	33
1542348282980	60
1542348282997	43
1542348283018	67
1542348283040	52
1542348283040	59
1542348283085	50
1542348283092	50
1542348283099	46
1542348283135	46
1542348283142	44
1542348283145	54
1542348283181	45
1542348283186	43
1542348283199	40
1542348283229	41
1542348283239	42
1542348283226	70
1542348283270	59
1542348283281	48
1542348283296	64
1542348283329	50
1542348283329	50
1542348283360	56
1542348283379	40
1542348283379	48
1542348283419	43
1542348283416	50
1542348283427	55
1542348283462	40
1542348283466	41
1542348283482	42
1542348283507	45
1542348283505	52
1542348283524	53
1542348283557	55
1542348283552	69
1542348283577	52
1542348283612	51
1542348283621	67
1542348283663	45
1542348283629	96
1542348283688	52
1542348283708	51
1542348283725	51
1542348283740	38
1542348283776	34
1542348283759	71
1542348283778	55
1542348283810	44
1542348283831	58
1542348283833	57
1542348283854	53
1542348283889	52
1542348283890	51
1542348283907	57
1542348283941	48
1542348283941	54
1542348283964	42
1542348283989	42
1542348283995	43
1542348284006	50
1542348284038	48
1542348284031	75
1542348284056	50
1542348284086	48
1542348284106	51
1542348284106	61
1542348284134	54
1542348284157	47
1542348284167	51
1542348284188	55
1542348284204	52
1542348284218	59
1542348284256	40
1542348284243	55
1542348284277	42
1542348284298	42
1542348284296	58
1542348284319	49
1542348284342	48
1542348284354	43
1542348284368	49
1542348284391	50
1542348284397	49
1542348284417	50
1542348284446	47
1542348284441	53
1542348284467	43
1542348284494	50
1542348284493	51
1542348284510	42
1542348284547	47
1542348284547	59
1542348284552	60
1542348284601	46
1542348284612	54
1542348284606	60
1542348284647	48
1542348284666	46
1542348284666	48
1542348284695	44
1542348284713	43
1542348284714	51
1542348284740	54
1542348284772	44
1542348284772	44
1542348284794	45
1542348284816	55
1542348284816	57
1542348284839	56
1542348284871	51
1542348284873	51
1542348284895	40
1542348284924	52
1542348284922	56
1542348284935	51
1542348284978	42
1542348284976	63
1542348284986	61
1542348285020	46
1542348285039	40
1542348285047	52
1542348285066	71
1542348285079	59
1542348285099	79
1542348285138	52
1542348285137	66
1542348285190	47
1542348285178	61
1542348285203	48
1542348285239	58
1542348285237	65
1542348285252	55
1542348285302	42
1542348285297	47
1542348285307	56
1542348285344	66
1542348285363	49
1542348285344	76
1542348285411	64
1542348285412	61
1542348285421	87
1542348285475	46
1542348285476	72
1542348285508	50
1542348285522	48
1542348285548	52
1542348285558	52
1542348285570	42
1542348285600	39
1542348285612	48
1542348285610	50
1542348285639	60
1542348285660	42
1542348285660	58
1542348285699	52
1542348285718	45
1542348285702	71
1542348285751	54
1542348285763	69
1542348285805	36
1542348285773	85
1542348285832	50
1542348285841	42
1542348285858	56
1542348285883	51
1542348285882	59
1542348285914	47
1542348285941	44
1542348285934	51
1542348285961	42
1542348285985	52
1542348285985	56
1542348286003	44
1542348286044	69
1542348286043	73
1542348286052	77
1542348286147	41
1542348286147	44
1542348286147	72
1542348286188	54
1542348286192	53
1542348286219	36
1542348286242	51
1542348286245	49
1542348286255	45
1542348286294	57
1542348286294	57
1542348286300	58
1542348286351	37
1542348286351	41
1542348286359	57
1542348286388	39
1542348286392	46
1542348286416	49
1542348286427	46
1542348286438	63
1542348286466	44
1542348286473	54
1542348286510	41
1542348286501	52
1542348286527	40
1542348286567	39
1542348286553	65
1542348286551	68
1542348286606	47
1542348286618	44
1542348286619	58
1542348286653	48
1542348286662	57
1542348286677	73
1542348286701	50
1542348286719	64
1542348286750	46
1542348286751	51
1542348286796	41
1542348286802	50
1542348286783	77
1542348286852	47
1542348286837	63
1542348286860	48
1542348286899	69
1542348286900	73
1542348286908	76
1542348286968	46
1542348286973	48
1542348286984	76
1542348287021	60
1542348287014	76
1542348287060	49
1542348287081	41
1542348287090	46
1542348287122	58
1542348287109	75
1542348287136	49
1542348287181	58
1542348287184	57
1542348287185	61
1542348287239	55
1542348287246	62
1542348287241	78
1542348287308	46
1542348287319	35
1542348287294	65
1542348287354	56
1542348287359	58
1542348287354	85
1542348287410	57
1542348287439	58
1542348287417	83
1542348287467	45
1542348287500	46
1542348287497	50
1542348287514	49
1542348287563	36
1542348287546	69
1542348287547	81
1542348287615	42
1542348287599	65
1542348287628	49
1542348287677	41
1542348287657	63
1542348287664	80
1542348287720	50
1542348287718	61
1542348287744	41
1542348287771	49
1542348287779	44
1542348287785	52
1542348287837	61
1542348287820	82
1542348287823	82
1542348287902	42
1542348287905	47
1542348287898	60
1542348287944	39
1542348287958	52
1542348287983	52
1542348288010	52
1542348287952	110
1542348288035	58
1542348288062	44
1542348288062	45
1542348288093	45
1542348288106	46
1542348288138	45
1542348288152	45
1542348288107	96
1542348288183	57
1542348288197	51
1542348288203	47
1542348288240	52
1542348288248	47
1542348288250	55
1542348288292	52
1542348288305	43
1542348288295	65
1542348288348	38
1542348288344	70
1542348288360	55
1542348288387	49
1542348288414	63
1542348288477	37
1542348288415	104
1542348288436	86
1542348288514	50
1542348288522	47
1542348288519	61
1542348288569	37
1542348288565	45
1542348288580	45
1542348288606	49
1542348288610	58
1542348288625	48
1542348288655	54
1542348288668	45
1542348288673	47
1542348288713	81
1542348288720	78
1542348288709	96
1542348288798	46
1542348288794	51
1542348288805	43
1542348288848	39
1542348288845	47
1542348288844	55
1542348288899	39
1542348288892	54
1542348288887	59
1542348288946	46
1542348288938	55
1542348288946	56
1542348288992	57
1542348288993	59
1542348289002	53
1542348289049	50
1542348289055	49
1542348289052	53
1542348289104	49
1542348289099	59
1542348289105	69
1542348289153	46
1542348289158	51
1542348289174	47
1542348289199	43
1542348289209	48
1542348289221	39
1542348289242	50
1542348289257	48
1542348289260	48
1542348289292	52
1542348289308	55
1542348289305	74
1542348289344	38
1542348289363	60
1542348289379	53
1542348289382	59
1542348289423	54
1542348289432	51
1542348289441	51
1542348289477	59
1542348289483	56
1542348289492	49
1542348289539	47
1542348289536	51
1542348289541	53
1542348289587	46
1542348289586	47
1542348289594	69
1542348289633	46
1542348289633	53
1542348289663	48
1542348289686	49
1542348289711	54
1542348289679	87
1542348289735	41
1542348289766	46
1542348289776	41
1542348289765	54
1542348289812	56
1542348289817	51
1542348289819	53
1542348289868	58
1542348289872	54
1542348289868	59
1542348289926	59
1542348289927	70
1542348289926	77
1542348289997	37
1542348289985	58
1542348290003	44
1542348290047	38
1542348290043	59
1542348290035	71
1542348290085	45
1542348290106	49
1542348290102	54
1542348290130	49
1542348290156	42
1542348290155	49
1542348290179	52
1542348290198	66
1542348290204	75
1542348290231	54
1542348290264	50
1542348290280	50
1542348290285	61
1542348290314	66
1542348290331	49
1542348290346	45
1542348290380	46
1542348290380	48
1542348290391	43
1542348290426	56
1542348290428	54
1542348290434	48
1542348290482	45
1542348290482	48
1542348290482	71
1542348290527	41
1542348290530	54
1542348290553	44
1542348290568	44
1542348290584	51
1542348290597	45
1542348290612	40
1542348290635	49
1542348290652	49
1542348290642	79
1542348290684	40
1542348290701	46
1542348290724	45
1542348290721	58
1542348290747	43
1542348290769	44
1542348290790	41
1542348290779	59
1542348290813	52
1542348290831	47
1542348290838	55
1542348290865	62
1542348290878	51
1542348290893	53
1542348290929	41
1542348290927	45
1542348290946	48
1542348290970	58
1542348290972	68
1542348290994	52
1542348291028	39
1542348291040	58
1542348291046	53
1542348291067	56
1542348291099	47
1542348291098	63
1542348291123	42
1542348291146	53
1542348291161	44
1542348291165	43
1542348291208	38
1542348291199	54
1542348291205	76
1542348291246	55
1542348291253	51
1542348291281	45
1542348291301	50
1542348291304	61
1542348291326	46
1542348291365	39
1542348291351	53
1542348291372	56
1542348291404	68
1542348291404	70
1542348291428	52
1542348291474	41
1542348291472	47
1542348291480	40
1542348291515	51
1542348291519	55
1542348291520	65
1542348291566	50
1542348291574	48
1542348291585	51
1542348291622	45
1542348291616	55
1542348291636	44
1542348291671	40
1542348291680	45
1542348291667	72
1542348291711	52
1542348291725	45
1542348291739	61
1542348291763	50
1542348291770	45
1542348291800	52
1542348291813	74
1542348291815	72
1542348291852	64
1542348291887	57
1542348291887	72
1542348291916	86
1542348291944	61
1542348291959	81
1542348292005	52
1542348292002	57
1542348292040	46
1542348292057	47
1542348292059	62
1542348292086	56
1542348292104	50
1542348292121	74
1542348292154	46
1542348292142	65
1542348292200	41
1542348292207	49
1542348292195	63
1542348292241	44
1542348292256	41
1542348292258	42
1542348292285	52
1542348292297	70
1542348292300	77
1542348292337	48
1542348292367	48
1542348292377	54
1542348292385	54
1542348292415	53
1542348292439	38
1542348292431	69
1542348292468	48
1542348292477	45
1542348292500	48
1542348292516	47
1542348292522	66
1542348292563	44
1542348292549	65
1542348292588	70
1542348292607	69
1542348292614	72
1542348292658	60
1542348292676	42
1542348292686	50
1542348292718	39
1542348292718	46
1542348292736	42
1542348292757	41
1542348292764	49
1542348292778	51
1542348292798	54
1542348292813	59
1542348292829	47
1542348292852	55
1542348292872	44
1542348292876	52
1542348292907	74
1542348292916	70
1542348292928	60
1542348292981	41
1542348292986	46
1542348292988	46
1542348293022	44
1542348293032	61
1542348293034	59
1542348293066	39
1542348293093	38
1542348293093	44
1542348293105	62
1542348293131	47
1542348293137	49
1542348293167	53
1542348293186	41
1542348293178	87
1542348293220	72
1542348293227	71
1542348293265	45
1542348293292	42
1542348293298	52
1542348293310	41
1542348293334	43
1542348293351	50
1542348293377	50
1542348293401	51
1542348293350	109
1542348293427	43
1542348293452	49
1542348293459	44
1542348293470	36
1542348293501	71
1542348293503	80
1542348293506	82
1542348293572	52
1542348293588	44
1542348293583	55
1542348293624	43
1542348293632	46
1542348293638	52
1542348293667	42
1542348293678	49
1542348293690	46
1542348293709	50
1542348293727	46
1542348293736	42
1542348293759	46
1542348293773	51
1542348293778	47
1542348293805	57
1542348293824	41
1542348293825	69
1542348293862	37
1542348293865	47
1542348293899	41
1542348293912	41
1542348293894	70
1542348293940	53
1542348293954	43
1542348293964	40
1542348293997	38
1542348294004	45
1542348293993	73
1542348294035	44
1542348294049	45
1542348294066	41
1542348294079	52
1542348294094	43
1542348294107	46
1542348294132	45
1542348294137	43
1542348294153	42
1542348294177	53
1542348294180	61
1542348294195	56
1542348294241	60
1542348294251	50
1542348294230	72
1542348294303	71
1542348294307	85
1542348294303	92
1542348294374	38
1542348294392	47
1542348294395	49
1542348294412	65
1542348294439	55
1542348294444	56
1542348294494	50
1542348294500	53
1542348294477	79
1542348294544	47
1542348294553	52
1542348294556	50
1542348294591	53
1542348294605	50
1542348294606	55
1542348294644	53
1542348294655	51
1542348294661	57
1542348294697	54
1542348294718	41
1542348294706	60
1542348294751	39
1542348294766	51
1542348294759	61
1542348294790	41
1542348294817	49
1542348294820	66
1542348294831	56
1542348294866	53
1542348294887	49
1542348294886	61
1542348294919	56
1542348294936	52
1542348294947	47
1542348294975	47
1542348294988	36
1542348294994	42
1542348295022	57
1542348295024	66
1542348295036	54
1542348295079	44
1542348295090	53
1542348295090	57
1542348295123	47
1542348295147	46
1542348295143	56
1542348295170	42
1542348295193	49
1542348295199	50
1542348295213	41
1542348295254	41
1542348295249	46
1542348295242	57
1542348295295	41
1542348295295	42
1542348295300	87
1542348295336	62
1542348295337	61
1542348295387	44
1542348295398	57
1542348295398	66
1542348295431	49
1542348295455	61
1542348295480	38
1542348295464	60
1542348295516	37
1542348295518	45
1542348295524	47
1542348295553	50
1542348295571	69
1542348295603	53
1542348295563	94
1542348295657	61
1542348295656	62
1542348295640	80
1542348295718	61
1542348295720	59
1542348295718	64
1542348295779	40
1542348295782	41
1542348295779	71
1542348295819	46
1542348295823	45
1542348295850	40
1542348295868	52
1542348295866	57
1542348295891	42
1542348295923	60
1542348295920	63
1542348295933	53
1542348295983	46
1542348295986	47
1542348295983	64
1542348296033	48
1542348296030	55
1542348296047	47
1542348296081	50
1542348296085	48
1542348296094	41
1542348296131	59
1542348296133	61
1542348296135	59
1542348296190	49
1542348296194	46
1542348296194	49
1542348296239	49
1542348296244	45
1542348296240	50
1542348296290	40
1542348296289	59
1542348296288	60
1542348296330	45
1542348296348	47
1542348296348	50
1542348296375	47
1542348296398	44
1542348296395	49
1542348296422	42
1542348296442	47
1542348296444	50
1542348296464	60
1542348296489	47
1542348296494	43
1542348296537	57
1542348296525	70
1542348296536	73
1542348296594	44
1542348296595	45
1542348296640	49
1542348296609	88
1542348296638	63
1542348296689	46
1542348296697	42
1542348296701	45
1542348296735	45
1542348296739	45
1542348296746	46
1542348296780	43
1542348296784	50
1542348296792	49
1542348296823	46
1542348296841	46
1542348296834	59
1542348296869	50
1542348296893	56
1542348296887	68
1542348296919	51
1542348296949	45
1542348296955	50
1542348296970	43
1542348296994	42
1542348297005	53
1542348297013	48
1542348297036	54
1542348297061	40
1542348297058	64
1542348297090	48
1542348297101	89
1542348297138	52
1542348297122	72
1542348297194	47
1542348297190	51
1542348297190	58
1542348297248	46
1542348297241	59
1542348297241	66
1542348297300	43
1542348297294	49
1542348297307	48
1542348297343	37
1542348297343	46
1542348297355	48
1542348297389	45
1542348297380	66
1542348297403	59
1542348297446	57
1542348297434	75
1542348297462	53
1542348297503	46
1542348297509	53
1542348297515	50
1542348297549	44
1542348297562	54
1542348297565	53
1542348297593	46
1542348297618	61
1542348297639	58
1542348297616	85
1542348297679	36
1542348297697	63
1542348297701	71
1542348297715	65
1542348297760	53
1542348297772	43
1542348297780	48
1542348297815	60
1542348297813	63
1542348297828	51
1542348297876	38
1542348297875	50
1542348297879	62
1542348297914	51
1542348297925	52
1542348297941	44
1542348297977	41
1542348297965	60
1542348297985	75
1542348298018	82
1542348298025	80
1542348298060	52
1542348298105	44
1542348298112	51
1542348298149	41
1542348298100	99
1542348298163	44
1542348298199	50
1542348298190	60
1542348298207	58
1542348298250	50
1542348298249	54
1542348298265	61
1542348298300	45
1542348298303	54
1542348298326	74
1542348298357	47
1542348298345	62
1542348298400	49
1542348298404	47
1542348298407	63
1542348298449	42
1542348298451	51
1542348298470	50
1542348298520	52
1542348298502	70
1542348298491	89
1542348298572	47
1542348298572	54
1542348298580	50
1542348298626	68
1542348298619	83
1542348298630	72
1542348298694	49
1542348298702	43
1542348298702	54
1542348298745	40
1542348298743	47
1542348298756	49
1542348298785	42
1542348298790	53
1542348298805	65
1542348298827	56
1542348298843	46
1542348298870	52
1542348298889	37
1542348298883	57
1542348298922	73
1542348298926	72
1542348298940	62
1542348299002	43
1542348298995	51
1542348298998	49
1542348299046	39
1542348299047	44
1542348299046	48
1542348299085	53
1542348299091	55
1542348299094	71
1542348299138	49
1542348299146	54
1542348299165	49
1542348299200	42
1542348299214	51
1542348299187	80
1542348299242	58
1542348299267	44
1542348299265	69
1542348299311	41
1542348299300	70
1542348299334	47
1542348299352	41
1542348299381	46
1542348299370	70
1542348299393	52
1542348299427	48
1542348299440	45
1542348299445	49
1542348299485	51
1542348299494	66
1542348299536	44
1542348299475	136
1542348299560	59
1542348299580	63
1542348299619	46
1542348299611	54
1542348299643	42
1542348299665	56
1542348299685	61
1542348299665	95
1542348299721	51
1542348299746	58
1542348299760	50
1542348299772	52
1542348299824	69
1542348299810	93
1542348299804	100
1542348299903	37
1542348299904	48
1542348299893	66
1542348299940	44
1542348299959	50
1542348299952	68
1542348299984	46
1542348300009	50
1542348300020	42
1542348300030	48
1542348300062	46
1542348300078	34
1542348300060	61
1542348300121	44
1542348300112	68
1542348300108	121
1542348300181	49
1542348300165	75
1542348300229	47
1542348300240	61
1542348300230	72
1542348300276	65
1542348300301	53
1542348300364	54
1542348300364	58
1542348300302	139
1542348300422	57
1542348300418	65
1542348300441	77
1542348300479	45
1542348300483	68
1542348300518	55
1542348300524	49
1542348300551	43
1542348300573	48
1542348300595	43
1542348300573	70
1542348300621	36
1542348300657	42
1542348300638	63
1542348300643	68
1542348300701	41
1542348300699	50
1542348300711	45
1542348300749	55
1542348300756	59
1542348300742	83
1542348300815	56
1542348300825	49
1542348300874	54
1542348300871	57
1542348300804	163
1542348300928	45
1542348300928	63
1542348300973	46
1542348300967	70
1542348301037	63
1542348301019	101
1542348300991	132
1542348301100	50
1542348301123	42
1542348301150	85
1542348301121	114
1542348301166	75
1542348301237	54
1542348301237	56
1542348301241	67
1542348301293	63
1542348301308	49
1542348301291	69
1542348301356	43
1542348301357	65
1542348301360	62
1542348301422	44
1542348301399	82
1542348301422	60
1542348301466	65
1542348301482	68
1542348301481	70
1542348301531	52
1542348301550	44
1542348301551	54
1542348301594	50
1542348301605	47
1542348301583	71
1542348301644	57
1542348301654	56
1542348301652	64
1542348301701	49
1542348301710	44
1542348301750	44
1542348301754	44
1542348301716	92
1542348301798	67
1542348301794	71
1542348301809	59
1542348301868	60
1542348301865	66
1542348301865	76
1542348301928	63
1542348301941	57
1542348301931	77
1542348302008	47
1542348301991	64
1542348301998	71
1542348302055	42
1542348302055	51
1542348302069	46
1542348302097	47
1542348302106	50
1542348302115	54
1542348302144	51
1542348302156	51
1542348302169	71
1542348302195	70
1542348302207	65
1542348302240	44
1542348302265	46
1542348302272	46
1542348302284	53
1542348302311	50
1542348302319	48
1542348302337	58
1542348302361	52
1542348302367	48
1542348302395	52
1542348302415	48
1542348302413	73
1542348302447	50
1542348302463	57
1542348302486	57
1542348302497	58
1542348302520	52
1542348302543	46
1542348302556	57
1542348302572	64
1542348302589	56
1542348302613	43
1542348302645	51
1542348302636	68
1542348302656	48
1542348302696	47
1542348302705	49
1542348302705	72
1542348302744	48
1542348302754	38
1542348302777	45
1542348302792	43
1542348302792	47
1542348302822	52
1542348302835	52
1542348302839	58
1542348302874	51
1542348302897	50
1542348302925	51
1542348302887	89
1542348302947	49
1542348302976	38
1542348302996	41
1542348302976	76
1542348303014	53
1542348303037	41
1542348303067	45
1542348303052	70
1542348303078	45
1542348303123	61
1542348303112	72
1542348303122	78
1542348303184	56
1542348303200	40
1542348303184	56
1542348303240	55
1542348303240	55
1542348303240	87
1542348303295	44
1542348303295	78
1542348303327	67
1542348303339	63
1542348303373	41
1542348303394	81
1542348303402	86
1542348303414	74
1542348303488	44
1542348303488	58
1542348303475	77
1542348303532	74
1542348303546	81
1542348303552	80
1542348303606	45
1542348303632	67
1542348303627	72
1542348303651	81
1542348303699	54
1542348303699	82
1542348303753	43
1542348303732	69
1542348303801	37
1542348303796	61
1542348303781	83
1542348303864	59
1542348303857	68
1542348303838	88
1542348303923	40
1542348303925	46
1542348303926	47
1542348303971	37
1542348303963	48
1542348303973	51
1542348304009	52
1542348304024	53
1542348304061	44
1542348304011	99
1542348304077	50
1542348304105	54
1542348304127	45
1542348304110	69
1542348304159	75
1542348304172	68
1542348304179	63
1542348304234	40
1542348304242	47
1542348304240	49
1542348304289	57
1542348304274	86
1542348304289	71
1542348304347	37
1542348304360	49
1542348304360	59
1542348304384	49
1542348304409	54
1542348304433	49
1542348304419	70
1542348304463	49
1542348304482	47
1542348304512	50
1542348304489	77
1542348304529	44
1542348304573	41
1542348304566	48
1542348304562	65
1542348304614	51
1542348304614	57
1542348304627	72
1542348304665	52
1542348304671	48
1542348304717	40
1542348304699	63
1542348304757	48
1542348304763	57
1542348304719	108
1542348304805	47
1542348304820	40
1542348304827	42
1542348304852	45
1542348304860	61
1542348304869	78
1542348304897	80
1542348304921	63
1542348304947	50
1542348304977	47
1542348304984	55
1542348304997	55
1542348305024	47
1542348305039	48
1542348305052	53
1542348305071	40
1542348305105	38
1542348305087	59
1542348305111	44
1542348305143	49
1542348305146	69
1542348305155	79
1542348305192	53
1542348305215	76
1542348305234	61
1542348305245	51
1542348305291	46
1542348305295	47
1542348305296	50
1542348305342	42
1542348305337	47
1542348305346	54
1542348305384	49
1542348305384	62
1542348305434	43
1542348305446	44
1542348305400	100
1542348305490	46
1542348305477	59
1542348305500	42
1542348305536	55
1542348305542	51
1542348305536	68
1542348305591	48
1542348305593	48
1542348305604	41
1542348305641	44
1542348305645	43
1542348305639	65
1542348305685	46
1542348305688	66
1542348305704	52
1542348305731	52
1542348305754	44
1542348305756	45
1542348305783	60
1542348305801	51
1542348305798	56
1542348305852	44
1542348305843	59
1542348305854	57
1542348305903	53
1542348305896	61
1542348305911	49
1542348305956	44
1542348305957	58
1542348305960	58
1542348306000	55
1542348306015	44
1542348306018	42
1542348306055	50
1542348306059	54
1542348306060	58
1542348306105	104
1542348306113	100
1542348306118	108
1542348306209	48
1542348306214	44
1542348306226	62
1542348306257	42
1542348306258	64
1542348306288	47
1542348306299	44
1542348306322	43
1542348306335	55
1542348306343	57
1542348306365	53
1542348306390	46
1542348306400	46
1542348306418	52
1542348306436	40
1542348306446	39
1542348306476	35
1542348306470	49
1542348306485	46
1542348306511	69
1542348306519	66
1542348306531	54
1542348306585	48
1542348306580	53
1542348306586	52
1542348306633	54
1542348306633	67
1542348306687	47
1542348306638	100
1542348306734	46
1542348306700	83
1542348306738	49
1542348306787	42
1542348306780	59
1542348306783	58
1542348306829	50
1542348306840	52
1542348306841	52
1542348306879	58
1542348306892	48
1542348306893	47
1542348306937	52
1542348306940	51
1542348306940	58
1542348306991	40
1542348306989	44
1542348306998	43
1542348307031	43
1542348307033	49
1542348307041	64
1542348307074	57
1542348307082	49
1542348307105	52
1542348307131	43
1542348307131	49
1542348307158	41
1542348307174	44
1542348307180	44
1542348307199	45
1542348307218	46
1542348307224	52
1542348307244	46
1542348307264	51
1542348307276	42
1542348307290	68
1542348307318	44
1542348307315	48
1542348307358	42
1542348307362	42
1542348307364	43
1542348307404	41
1542348307400	46
1542348307407	51
1542348307445	44
1542348307446	48
1542348307458	56
1542348307489	39
1542348307494	38
1542348307514	47
1542348307532	52
1542348307528	56
1542348307561	45
1542348307584	51
1542348307584	53
1542348307606	65
1542348307637	49
1542348307635	54
1542348307671	48
1542348307686	51
1542348307689	61
1542348307719	47
1542348307737	43
1542348307751	38
1542348307766	46
1542348307789	61
1542348307780	71
1542348307812	51
1542348307850	51
1542348307851	61
1542348307863	52
1542348307901	83
1542348307915	81
1542348307912	84
1542348307996	45
1542348307996	46
1542348307984	81
1542348308041	36
1542348308042	54
1542348308065	40
1542348308077	51
1542348308096	44
1542348308105	47
1542348308128	46
1542348308140	47
1542348308152	69
1542348308174	52
1542348308187	45
1542348308232	50
1542348308226	57
1542348308221	79
1542348308283	43
1542348308282	51
1542348308300	43
1542348308326	49
1542348308333	46
1542348308343	45
1542348308375	50
1542348308379	48
1542348308388	49
1542348308427	51
1542348308425	54
1542348308438	44
1542348308479	38
1542348308478	47
1542348308482	46
1542348308525	45
1542348308517	56
1542348308528	46
1542348308574	35
1542348308570	54
1542348308573	51
1542348308609	46
1542348308624	43
1542348308624	43
1542348308655	56
1542348308667	51
1542348308667	52
1542348308718	39
1542348308711	50
1542348308719	53
1542348308757	36
1542348308772	40
1542348308761	51
1542348308793	48
1542348308812	48
1542348308812	49
1542348308841	41
1542348308860	46
1542348308861	54
1542348308882	40
1542348308922	41
1542348308915	56
1542348308906	66
1542348308963	38
1542348308972	47
1542348308971	48
1542348309001	44
1542348309019	48
1542348309019	56
1542348309045	42
1542348309075	45
1542348309067	53
1542348309087	52
1542348309139	48
1542348309120	77
1542348309120	80
1542348309187	35
1542348309197	51
1542348309200	50
1542348309222	66
1542348309250	64
1542348309248	102
1542348309315	62
1542348309288	93
1542348309350	44
1542348309377	52
1542348309394	55
1542348309381	70
1542348309429	54
1542348309449	56
1542348309451	56
1542348309483	65
1542348309505	53
1542348309507	55
1542348309558	41
1542348309548	51
1542348309562	44
1542348309599	68
1542348309599	77
1542348309606	76
1542348309676	41
1542348309667	55
1542348309683	51
1542348309734	60
1542348309722	90
1542348309717	96
1542348309794	43
1542348309812	46
1542348309813	51
1542348309837	43
1542348309858	46
1542348309880	38
1542348309864	54
1542348309904	39
1542348309918	54
1542348309918	62
1542348309943	54
1542348309972	42
1542348309980	61
1542348309997	53
1542348310014	51
1542348310041	59
1542348310050	51
1542348310065	59
1542348310100	47
1542348310101	49
1542348310124	53
1542348310150	46
1542348310147	52
1542348310177	69
1542348310199	47
1542348310196	56
1542348310246	50
1542348310246	52
1542348310252	66
1542348310298	41
1542348310296	53
1542348310318	54
1542348310339	52
1542348310349	51
1542348310372	40
1542348310391	46
1542348310400	51
1542348310412	48
1542348310451	36
1542348310437	54
1542348310487	40
1542348310460	71
1542348310491	41
1542348310527	46
1542348310532	45
1542348310531	55
1542348310587	47
1542348310577	58
1542348310573	63
1542348310634	57
1542348310636	59
1542348310635	63
1542348310691	57
1542348310695	63
1542348310698	60
1542348310748	46
1542348310758	37
1542348310758	49
1542348310795	48
1542348310794	50
1542348310807	40
1542348310847	46
1542348310843	51
1542348310844	52
1542348310894	52
1542348310893	55
1542348310896	68
1542348310946	53
1542348310964	53
1542348310948	70
1542348310999	41
1542348311018	48
1542348311017	59
1542348311040	44
1542348311066	43
1542348311076	52
1542348311084	46
1542348311109	66
1542348311130	47
1542348311128	67
1542348311177	41
1542348311175	43
1542348311195	41
1542348311236	42
1542348311218	68
1542348311218	69
1542348311278	49
1542348311286	46
1542348311287	46
1542348311333	40
1542348311327	52
1542348311332	50
1542348311373	41
1542348311382	46
1542348311379	53
1542348311414	61
1542348311428	47
1542348311432	44
1542348311475	45
1542348311477	43
1542348311475	52
1542348311527	58
1542348311520	77
1542348311520	78
1542348311585	41
1542348311598	43
1542348311597	53
1542348311626	54
1542348311641	40
1542348311651	51
1542348311680	42
1542348311681	43
1542348311702	44
1542348311724	40
1542348311722	44
1542348311746	49
1542348311766	49
1542348311764	51
1542348311795	45
1542348311815	38
1542348311815	49
1542348311840	54
1542348311864	41
1542348311853	59
1542348311894	50
1542348311905	41
1542348311912	43
1542348311944	35
1542348311946	53
1542348311955	46
1542348311979	50
1542348311999	47
1542348312001	55
1542348312029	66
1542348312046	50
1542348312056	59
1542348312095	69
1542348312115	77
1542348312096	97
1542348312164	52
1542348312193	43
1542348312192	53
1542348312216	57
1542348312236	42
1542348312245	56
1542348312273	40
1542348312278	56
1542348312301	44
1542348312313	55
1542348312334	46
1542348312345	59
1542348312368	49
1542348312381	41
1542348312404	52
1542348312417	59
1542348312422	83
1542348312456	54
1542348312476	45
1542348312505	47
1542348312521	36
1542348312510	58
1542348312568	34
1542348312557	50
1542348312552	56
1542348312602	37
1542348312608	41
1542348312607	52
1542348312639	41
1542348312649	44
1542348312659	45
1542348312680	46
1542348312693	43
1542348312704	50
1542348312754	36
1542348312736	56
1542348312726	92
1542348312790	62
1542348312818	35
1542348312792	63
1542348312852	43
1542348312853	43
1542348312855	47
1542348312895	52
1542348312902	46
1542348312896	53
1542348312947	36
1542348312949	43
1542348312948	66
1542348312983	41
1542348312992	44
1542348313014	54
1542348313024	64
1542348313036	58
1542348313068	45
1542348313088	41
1542348313094	37
1542348313113	44
1542348313131	49
1542348313129	52
1542348313157	50
1542348313181	41
1542348313180	50
1542348313207	48
1542348313222	45
1542348313230	52
1542348313255	41
1542348313267	51
1542348313282	39
1542348313296	40
1542348313318	47
1542348313321	45
1542348313336	53
1542348313366	55
1542348313365	68
1542348313389	52
1542348313421	42
1542348313433	32
1542348313441	52
1542348313493	46
1542348313463	78
1542348313465	80
1542348313541	44
1542348313545	49
1542348313539	58
1542348313585	46
1542348313597	47
1542348313594	74
1542348313631	62
1542348313644	55
1542348313668	47
1542348313693	41
1542348313699	43
1542348313715	35
1542348313734	51
1542348313742	45
1542348313750	49
1542348313785	48
1542348313799	45
1542348313787	57
1542348313833	38
1542348313844	60
1542348313844	60
1542348313871	68
1542348313939	69
1542348313904	106
1542348313904	118
1542348314022	41
1542348314010	60
1542348314008	88
1542348314070	41
1542348314063	61
1542348314096	42
1542348314111	53
1542348314138	43
1542348314124	84
1542348314181	40
1542348314164	62
1542348314208	84
1542348314221	72
1542348314226	92
1542348314292	50
1542348314293	49
1542348314318	57
1542348314342	79
1542348314342	82
1542348314375	76
1542348314421	46
1542348314424	62
1542348314451	102
1542348314486	67
1542348314467	88
1542348314553	59
1542348314553	71
1542348314555	76
1542348314612	43
1542348314624	50
1542348314631	51
1542348314655	52
1542348314674	38
1542348314682	43
1542348314707	47
1542348314712	42
1542348314725	73
1542348314754	60
1542348314754	62
1542348314798	46
1542348314814	46
1542348314816	59
1542348314844	67
1542348314860	55
1542348314876	50
1542348314911	46
1542348314915	42
1542348314926	37
1542348314957	46
1542348314957	48
1542348314963	45
1542348315005	60
1542348315008	57
1542348315003	63
1542348315065	45
1542348315065	49
1542348315066	60
1542348315110	62
1542348315114	64
1542348315126	79
1542348315172	43
1542348315178	47
1542348315205	49
1542348315215	41
1542348315225	72
1542348315254	57
1542348315258	55
1542348315297	48
1542348315313	53
1542348315345	54
1542348315311	96
1542348315366	44
1542348315399	52
1542348315410	42
1542348315407	62
1542348315452	36
1542348315452	41
1542348315469	56
1542348315493	54
1542348315488	74
1542348315525	69
1542348315547	48
1542348315562	47
1542348315594	40
1542348315595	49
1542348315634	49
1542348315644	50
1542348315683	50
1542348315694	41
1542348315609	127
1542348315736	50
1542348315735	51
1542348315734	65
1542348315786	47
1542348315786	50
1542348315799	46
1542348315845	40
1542348315836	53
1542348315833	56
1542348315889	43
1542348315885	47
1542348315889	46
1542348315932	49
1542348315932	50
1542348315935	51
1542348315981	38
1542348315982	49
1542348315986	47
1542348316019	65
1542348316031	63
1542348316033	61
1542348316094	56
1542348316084	68
1542348316094	66
1542348316150	43
1542348316152	51
1542348316160	45
1542348316203	40
1542348316205	40
1542348316193	52
1542348316243	45
1542348316245	43
1542348316245	49
1542348316288	43
1542348316288	50
1542348316294	45
1542348316332	58
1542348316339	51
1542348316338	56
1542348316390	38
1542348316390	44
1542348316394	47
1542348316428	51
1542348316434	46
1542348316441	42
1542348316480	47
1542348316479	51
1542348316483	59
1542348316528	34
1542348316530	47
1542348316542	53
1542348316577	37
1542348316595	48
1542348316614	51
1542348316562	110
1542348316644	63
1542348316665	51
1542348316672	44
1542348316716	49
1542348316716	49
1542348316707	60
1542348316767	39
1542348316765	42
1542348316765	50
1542348316807	42
1542348316806	49
1542348316815	40
1542348316849	54
1542348316855	56
1542348316855	63
1542348316911	64
1542348316918	59
1542348316903	75
1542348316977	42
1542348316978	49
1542348316975	53
1542348317020	42
1542348317027	58
1542348317028	60
1542348317062	57
1542348317086	48
1542348317088	52
1542348317119	53
1542348317134	53
1542348317140	70
1542348317172	70
1542348317187	58
1542348317242	48
1542348317210	86
1542348317245	53
1542348317298	42
1542348317296	49
1542348317290	64
1542348317340	46
1542348317345	53
1542348317354	45
1542348317386	47
1542348317398	49
1542348317399	49
1542348317433	49
1542348317447	42
1542348317448	47
1542348317483	46
1542348317495	42
1542348317489	48
1542348317537	40
1542348317529	49
1542348317537	44
1542348317578	41
1542348317577	65
1542348317581	63
1542348317619	54
1542348317644	41
1542348317673	49
1542348317642	100
1542348317685	61
1542348317722	45
1542348317746	41
1542348317742	64
1542348317767	57
1542348317787	51
1542348317806	79
1542348317824	62
1542348317838	62
1542348317885	41
1542348317886	47
1542348317900	43
1542348317926	39
1542348317933	43
1542348317943	38
1542348317976	43
1542348317965	64
1542348317981	52
1542348318019	53
1542348318033	52
1542348318029	56
1542348318072	42
1542348318085	46
1542348318085	47
1542348318114	54
1542348318132	52
1542348318131	58
1542348318184	37
1542348318168	66
1542348318189	45
1542348318221	48
1542348318234	47
1542348318234	49
1542348318269	48
1542348318281	55
1542348318283	55
1542348318317	52
1542348318336	36
1542348318338	42
1542348318369	41
1542348318372	42
1542348318381	57
1542348318410	42
1542348318452	45
1542348318414	84
1542348318438	60
1542348318498	44
1542348318498	45
1542348318497	48
1542348318543	43
1542348318542	47
1542348318545	47
1542348318586	57
1542348318589	54
1542348318592	52
1542348318643	50
1542348318644	51
1542348318643	63
1542348318693	58
1542348318695	61
1542348318706	72
1542348318751	52
1542348318756	52
1542348318778	48
1542348318803	47
1542348318808	46
1542348318826	45
1542348318850	41
1542348318854	43
1542348318871	40
1542348318891	44
1542348318911	55
1542348318897	79
1542348318935	51
1542348318966	45
1542348318986	58
1542348319011	50
1542348318976	95
1542348319061	43
1542348319044	65
1542348319104	42
1542348319071	96
1542348319109	58
1542348319167	39
1542348319167	91
1542348319206	53
1542348319146	121
1542348319258	38
1542348319259	44
1542348319267	54
1542348319296	56
1542348319303	79
1542348319321	65
1542348319352	49
1542348319386	45
1542348319382	51
1542348319401	62
1542348319431	45
1542348319433	45
1542348319463	47
1542348319478	46
1542348319476	50
1542348319510	55
1542348319524	56
1542348319526	58
1542348319565	44
1542348319580	45
1542348319584	62
1542348319609	64
1542348319625	61
1542348319646	43
1542348319673	44
1542348319686	39
1542348319689	48
1542348319717	44
1542348319725	47
1542348319737	44
1542348319761	53
1542348319772	52
1542348319781	56
1542348319814	58
1542348319824	54
1542348319837	43
1542348319872	53
1542348319878	47
1542348319880	49
1542348319925	50
1542348319929	55
1542348319925	62
1542348319975	50
1542348319987	40
1542348319984	44
1542348320027	41
1542348320025	52
1542348320028	52
1542348320068	48
1542348320077	46
1542348320080	44
1542348320116	47
1542348320123	42
1542348320124	55
1542348320165	43
1542348320179	37
1542348320163	60
1542348320208	54
1542348320216	57
1542348320223	64
1542348320262	49
1542348320273	47
1542348320287	39
1542348320311	61
1542348320320	55
1542348320326	58
1542348320372	40
1542348320375	53
1542348320384	50
1542348320428	59
1542348320412	75
1542348320487	48
1542348320487	49
1542348320434	108
1542348320536	53
1542348320535	54
1542348320542	59
1542348320601	57
1542348320589	74
1542348320589	76
1542348320658	42
1542348320663	39
1542348320665	38
1542348320703	44
1542348320702	51
1542348320700	74
1542348320747	49
1542348320753	43
1542348320774	56
1542348320796	50
1542348320796	62
1542348320846	50
1542348320830	69
1542348320858	45
1542348320899	40
1542348320896	44
1542348320904	43
1542348320947	37
1542348320939	48
1542348320940	48
1542348320984	72
1542348320987	70
1542348320988	71
1542348321056	45
1542348321057	51
1542348321059	50
1542348321101	66
1542348321108	75
1542348321109	77
1542348321167	49
1542348321183	44
1542348321186	50
1542348321217	47
1542348321227	39
1542348321236	57
1542348321266	89
1542348321264	92
1542348321293	63
1542348321357	65
1542348321357	70
1542348321355	72
1542348321427	72
1542348321427	73
1542348321422	89
1542348321499	44
1542348321500	58
1542348321511	47
1542348321543	43
1542348321558	47
1542348321558	55
1542348321586	68
1542348321605	54
1542348321613	52
1542348321659	43
1542348321654	50
1542348321665	51
1542348321702	66
1542348321716	52
1542348321704	66
1542348321768	50
1542348321770	48
1542348321768	51
1542348321818	42
1542348321819	47
1542348321818	50
1542348321868	54
1542348321866	57
1542348321860	66
1542348321926	46
1542348321922	50
1542348321923	50
1542348321972	50
1542348321972	50
1542348321973	53
1542348322026	46
1542348322023	50
1542348322023	51
1542348322072	43
1542348322074	51
1542348322073	52
1542348322115	62
1542348322125	56
1542348322125	56
1542348322177	52
1542348322181	48
1542348322181	50
1542348322229	48
1542348322229	50
1542348322231	55
1542348322286	44
1542348322277	53
1542348322279	57
1542348322330	56
1542348322330	57
1542348322336	72
1542348322386	49
1542348322387	51
1542348322408	51
1542348322438	56
1542348322435	60
1542348322459	50
1542348322494	64
1542348322495	65
1542348322509	58
1542348322560	47
1542348322567	42
1542348322607	51
1542348322609	56
1542348322558	111
1542348322669	39
1542348322665	46
1542348322658	53
1542348322711	48
1542348322708	51
1542348322711	52
1542348322763	51
1542348322759	55
1542348322759	55
1542348322814	42
1542348322814	51
1542348322814	75
1542348322856	43
1542348322865	36
1542348322889	63
1542348322899	55
1542348322901	68
1542348322954	50
1542348322952	53
1542348322969	56
1542348323005	56
1542348323025	44
1542348323004	67
1542348323071	45
1542348323061	62
1542348323069	56
1542348323116	48
1542348323123	47
1542348323125	62
1542348323170	42
1542348323164	50
1542348323187	48
1542348323212	53
1542348323214	77
1542348323235	57
1542348323265	50
1542348323292	48
1542348323291	55
1542348323315	51
1542348323340	52
1542348323346	46
1542348323366	38
1542348323392	39
1542348323392	48
1542348323404	52
1542348323431	50
1542348323440	65
1542348323456	52
1542348323481	56
1542348323508	56
1542348323505	62
1542348323537	61
1542348323567	50
1542348323564	62
1542348323598	63
1542348323626	41
1542348323661	48
1542348323617	99
1542348323667	54
1542348323716	48
1542348323709	56
1542348323721	57
1542348323765	46
1542348323764	68
1542348323778	58
1542348323811	55
1542348323832	46
1542348323836	45
1542348323866	46
1542348323878	48
1542348323881	54
1542348323912	43
1542348323926	43
1542348323935	35
1542348323955	46
1542348323969	40
1542348323970	46
1542348324001	53
1542348324009	47
1542348324016	46
1542348324054	42
1542348324056	48
1542348324062	56
1542348324096	42
1542348324104	70
1542348324118	57
1542348324138	57
1542348324174	45
1542348324175	48
1542348324195	41
1542348324219	39
1542348324223	60
1542348324236	51
1542348324259	51
1542348324287	48
1542348324335	43
1542348324310	68
1542348324283	102
1542348324378	41
1542348324385	50
1542348324419	61
1542348324378	117
1542348324435	73
1542348324480	53
1542348324495	40
1542348324508	41
1542348324536	38
1542348324533	51
1542348324549	44
1542348324584	42
1542348324574	59
1542348324593	44
1542348324626	44
1542348324637	49
1542348324633	66
1542348324670	56
1542348324686	42
1542348324699	81
1542348324726	62
1542348324728	63
1542348324780	48
1542348324788	46
1542348324791	47
1542348324828	44
1542348324834	45
1542348324838	52
1542348324879	47
1542348324872	57
1542348324890	47
1542348324926	47
1542348324937	39
1542348324929	53
1542348324976	52
1542348324982	49
1542348324973	63
1542348325028	46
1542348325036	48
1542348325031	53
1542348325074	50
1542348325084	72
1542348325124	49
1542348325084	92
1542348325156	47
1542348325173	41
1542348325176	53
1542348325203	47
1542348325229	39
1542348325214	62
1542348325250	51
1542348325268	46
1542348325276	46
1542348325302	51
1542348325314	75
1542348325322	72
1542348325353	49
1542348325389	56
1542348325402	45
1542348325394	59
1542348325445	39
1542348325453	51
1542348325447	60
1542348325484	42
1542348325504	50
1542348325508	56
1542348325526	54
1542348325564	43
1542348325554	53
1542348325580	52
1542348325607	70
1542348325607	72
1542348325632	52
1542348325684	39
1542348325677	47
1542348325679	48
1542348325724	39
1542348325723	41
1542348325727	50
1542348325763	39
1542348325764	49
1542348325777	48
1542348325825	36
1542348325814	58
1542348325802	72
1542348325861	53
1542348325874	47
1542348325872	51
1542348325914	52
1542348325923	68
1542348325921	70
1542348325966	50
1542348325991	41
1542348325991	41
1542348326016	57
1542348326032	43
1542348326032	53
1542348326073	46
1542348326085	39
1542348326075	52
1542348326119	49
1542348326124	51
1542348326127	51
1542348326175	47
1542348326168	59
1542348326179	50
1542348326222	63
1542348326229	64
1542348326227	84
1542348326293	37
1542348326285	56
1542348326311	45
1542348326341	43
1542348326330	58
1542348326356	36
1542348326392	42
1542348326388	47
1542348326384	53
1542348326437	48
1542348326435	51
1542348326434	54
1542348326485	45
1542348326488	49
1542348326538	51
1542348326530	61
1542348326487	111
1542348326589	52
1542348326598	45
1542348326591	64
1542348326642	46
1542348326643	52
1542348326655	53
1542348326695	44
1542348326688	54
1542348326708	41
1542348326749	42
1542348326742	56
1542348326739	59
1542348326791	46
1542348326798	49
1542348326798	50
1542348326847	38
1542348326837	50
1542348326848	44
1542348326887	52
1542348326885	56
1542348326892	49
1542348326939	46
1542348326941	56
1542348326941	70
1542348326985	40
1542348326997	59
1542348327025	51
1542348327012	65
1542348327057	53
1542348327077	52
1542348327076	55
1542348327110	54
1542348327129	59
1542348327132	68
1542348327164	49
1542348327188	41
1542348327200	51
1542348327213	43
1542348327229	48
1542348327251	53
1542348327256	59
1542348327277	45
1542348327304	51
1542348327315	45
1542348327322	54
1542348327360	47
1542348327356	52
1542348327376	42
1542348327418	64
1542348327408	81
1542348327407	86
1542348327482	45
1542348327489	46
1542348327493	50
1542348327535	38
1542348327543	74
1542348327573	82
1542348327617	38
1542348327655	50
1542348327705	59
