1540922035094	1053
1540922035097	1063
1540922035094	1083
1540922036157	22
1540922036161	21
1540922036179	13
1540922036183	15
1540922036192	12
1540922036177	31
1540922036198	18
1540922036204	18
1540922036208	16
1540922036225	12
1540922036216	22
1540922036222	16
1540922036238	16
1540922036237	19
1540922036238	18
1540922036256	10
1540922036254	16
1540922036256	19
1540922036266	11
1540922036270	11
1540922036275	16
1540922036277	15
1540922036281	11
1540922036291	11
1540922036292	16
1540922036292	17
1540922036305	11
1540922036309	15
1540922036308	16
1540922036316	15
1540922036324	13
1540922036324	15
1540922036332	15
1540922036337	11
1540922036339	12
1540922036348	16
1540922036347	17
1540922036353	12
1540922036364	17
1540922036366	20
1540922036364	23
1540922036381	10
1540922036386	15
1540922036387	16
1540922036392	15
1540922036403	10
1540922036401	15
1540922036414	10
1540922036407	18
1540922036417	11
1540922036428	10
1540922036424	16
1540922036425	16
1540922036441	12
1540922036439	15
1540922036440	15
1540922036453	12
1540922036455	15
1540922036454	16
1540922036465	16
1540922036470	11
1540922036470	15
1540922036481	11
1540922036485	11
1540922036481	15
1540922036496	11
1540922036492	15
1540922036497	19
1540922036507	17
1540922036508	18
1540922036516	12
1540922036528	10
1540922036524	15
1540922036526	15
1540922036541	12
1540922036539	17
1540922036539	18
1540922036561	12
1540922036560	14
1540922036561	17
1540922036574	13
1540922036574	20
1540922036579	15
1540922036587	15
1540922036594	14
1540922036594	15
1540922036608	12
1540922036603	21
1540922036609	17
1540922036620	16
1540922036626	10
1540922036624	15
1540922036637	10
1540922036641	10
1540922036637	15
1540922036647	14
1540922036651	11
1540922036652	14
1540922036667	10
1540922036662	15
1540922036662	16
1540922036677	11
1540922036677	14
1540922036678	15
1540922036692	10
1540922036688	15
1540922036693	14
1540922036702	10
1540922036703	16
1540922036707	12
1540922036713	14
1540922036719	11
1540922036719	13
1540922036732	13
1540922036730	23
1540922036728	27
1540922036745	14
1540922036753	17
1540922036755	21
1540922036760	21
1540922036777	13
1540922036770	24
1540922036790	12
1540922036781	25
1540922036794	11
1540922036806	13
1540922036803	19
1540922036806	16
1540922036823	10
1540922036819	16
1540922036823	13
1540922036833	10
1540922036835	16
1540922036836	17
1540922036844	14
1540922036853	11
1540922036851	16
1540922036858	13
1540922036865	12
1540922036867	11
1540922036871	16
1540922036878	11
1540922036877	14
1540922036887	9
1540922036891	16
1540922036891	16
1540922036897	11
1540922036907	15
1540922036908	15
1540922036907	25
1540922036922	12
1540922036923	15
1540922036934	11
1540922036933	16
1540922036939	13
1540922036949	11
1540922036945	15
1540922036953	10
1540922036960	11
1540922036963	10
1540922036960	17
1540922036973	15
1540922036971	18
1540922036977	16
1540922036993	10
1540922036989	18
1540922036991	18
1540922037003	11
1540922037007	17
1540922037009	15
1540922037014	13
1540922037025	12
1540922037025	12
1540922037027	14
1540922037039	17
1540922037040	17
1540922037042	16
1540922037058	11
1540922037056	17
1540922037057	21
1540922037069	20
1540922037073	17
1540922037078	16
1540922037089	16
1540922037090	18
1540922037095	15
1540922037108	13
1540922037110	12
1540922037105	21
1540922037122	13
1540922037122	15
1540922037126	16
1540922037135	14
1540922037137	15
1540922037143	11
1540922037149	16
1540922037154	12
1540922037152	16
1540922037166	14
1540922037168	15
1540922037166	17
1540922037181	14
1540922037183	13
1540922037183	13
1540922037196	13
1540922037195	17
1540922037197	17
1540922037212	12
1540922037209	17
1540922037215	14
1540922037224	12
1540922037227	15
1540922037230	13
1540922037236	16
1540922037243	13
1540922037243	15
1540922037256	11
1540922037252	16
1540922037258	11
1540922037273	11
1540922037273	12
1540922037273	18
1540922037284	15
1540922037286	16
1540922037291	12
1540922037299	15
1540922037303	12
1540922037302	15
1540922037314	14
1540922037315	16
1540922037317	18
1540922037328	13
1540922037331	15
1540922037335	11
1540922037341	11
1540922037346	12
1540922037346	19
1540922037366	14
1540922037362	19
1540922037362	19
1540922037381	11
1540922037381	16
1540922037381	16
1540922037392	15
1540922037398	14
1540922037407	16
1540922037397	26
1540922037413	11
1540922037424	21
1540922037424	22
1540922037424	23
1540922037447	10
1540922037446	11
1540922037447	17
1540922037457	12
1540922037457	14
1540922037464	15
1540922037472	15
1540922037480	14
1540922037469	27
1540922037487	14
1540922037496	11
1540922037501	10
1540922037507	14
1540922037496	26
1540922037512	10
1540922037521	15
1540922037522	14
1540922037522	15
1540922037537	10
1540922037536	17
1540922037537	20
1540922037547	12
1540922037553	23
1540922037559	17
1540922037558	20
1540922037576	11
1540922037579	15
1540922037577	19
1540922037594	13
1540922037594	12
1540922037596	15
1540922037607	15
1540922037611	11
1540922037607	16
1540922037626	13
1540922037625	18
1540922037626	18
1540922037639	16
1540922037643	15
1540922037644	26
1540922037700	11
1540922037700	12
1540922037712	10
1540922037712	13
1540922037700	30
1540922037723	17
1540922037725	17
1540922037730	14
1540922037744	12
1540922037741	16
1540922037742	16
1540922037757	11
1540922037757	15
1540922037758	17
1540922037772	13
1540922037775	11
1540922037772	15
1540922037786	11
1540922037786	11
1540922037787	16
1540922037797	15
1540922037806	16
1540922037797	26
1540922037812	16
1540922037822	12
1540922037823	18
1540922037828	15
1540922037834	12
1540922037843	11
1540922037841	17
1540922037846	15
1540922037855	11
1540922037858	12
1540922037861	16
1540922037871	12
1540922037866	17
1540922037877	16
1540922037883	15
1540922037883	16
1540922037894	12
1540922037899	16
1540922037906	12
1540922037898	27
1540922037915	15
1540922037918	17
1540922037925	12
1540922037930	12
1540922037937	11
1540922037936	16
1540922037943	11
1540922037949	27
1540922037954	22
1540922037952	24
1540922037977	14
1540922037977	17
1540922037977	17
1540922037991	11
1540922037994	16
1540922037994	17
1540922038011	11
1540922038011	13
1540922038008	17
1540922038023	12
1540922038024	13
1540922038025	18
1540922038035	18
1540922038037	16
1540922038043	15
1540922038053	19
1540922038053	20
1540922038059	20
1540922038072	19
1540922038080	11
1540922038074	18
1540922038091	12
1540922038092	11
1540922038092	17
1540922038103	11
1540922038103	12
1540922038110	15
1540922038114	15
1540922038115	16
1540922038125	17
1540922038129	14
1540922038131	15
1540922038142	11
1540922038143	16
1540922038146	14
1540922038153	10
1540922038159	11
1540922038160	12
1540922038163	16
1540922038201	10
1540922038201	11
1540922038201	18
1540922038212	15
1540922038212	15
1540922038219	14
1540922038227	14
1540922038227	17
1540922038233	11
1540922038244	11
1540922038242	15
1540922038244	15
1540922038257	10
1540922038255	16
1540922038259	12
1540922038267	10
1540922038271	12
1540922038271	17
1540922038282	14
1540922038288	15
1540922038283	24
1540922038296	14
1540922038303	11
1540922038307	16
1540922038310	13
1540922038314	12
1540922038329	10
1540922038328	17
1540922038329	17
1540922038340	11
1540922038345	11
1540922038346	16
1540922038351	14
1540922038357	11
1540922038365	14
1540922038362	17
1540922038369	15
1540922038379	12
1540922038379	14
1540922038384	16
1540922038391	14
1540922038394	12
1540922038400	16
1540922038406	11
1540922038405	16
1540922038417	12
1540922038421	14
1540922038418	18
1540922038429	12
1540922038441	18
1540922038439	20
1540922038439	20
1540922038459	11
1540922038459	15
1540922038459	15
1540922038471	11
1540922038475	9
1540922038485	10
1540922038474	24
1540922038482	17
1540922038498	10
1540922038495	13
1540922038500	15
1540922038508	10
1540922038508	14
1540922038515	15
1540922038519	13
1540922038523	13
1540922038536	10
1540922038532	16
1540922038530	20
1540922038546	12
1540922038548	15
1540922038551	14
1540922038558	15
1540922038563	10
1540922038565	16
1540922038574	10
1540922038574	14
1540922038581	15
1540922038584	14
1540922038588	14
1540922038602	10
1540922038598	15
1540922038596	23
1540922038612	10
1540922038613	14
1540922038619	10
1540922038623	14
1540922038629	10
1540922038627	18
1540922038637	15
1540922038639	13
1540922038645	11
1540922038652	14
1540922038667	9
1540922038652	27
1540922038656	24
1540922038677	10
1540922038679	15
1540922038680	15
1540922038694	10
1540922038695	16
1540922038687	25
1540922038704	10
1540922038712	11
1540922038712	16
1540922038733	12
1540922038734	16
1540922038733	19
1540922038745	15
1540922038751	10
1540922038761	10
1540922038752	23
1540922038760	17
1540922038771	14
1540922038775	16
1540922038777	15
1540922038791	11
1540922038792	12
1540922038787	17
1540922038802	10
1540922038804	10
1540922038804	16
1540922038815	14
1540922038814	15
1540922038820	10
1540922038830	11
1540922038829	15
1540922038829	16
1540922038841	15
1540922038844	15
1540922038856	16
1540922038845	24
1540922038859	10
1540922038872	18
1540922038876	15
1540922038876	16
1540922038892	11
1540922038892	13
1540922038893	16
1540922038903	11
1540922038905	22
1540922038938	14
1540922038938	15
1540922038938	22
1540922038952	15
1540922038954	15
1540922038967	10
1540922038960	18
1540922038969	11
1540922038977	10
1540922038980	11
1540922038978	19
1540922038987	15
1540922038991	16
1540922038997	10
1540922039002	23
1540922039007	31
1540922039007	43
1540922039026	24
1540922039038	18
1540922039063	11
1540922039063	16
1540922039062	18
1540922039074	11
1540922039080	11
1540922039079	15
1540922039085	13
1540922039091	11
1540922039094	10
1540922039098	15
1540922039104	10
1540922039102	17
1540922039113	14
1540922039114	17
1540922039122	13
1540922039127	10
1540922039131	14
1540922039138	10
1540922039138	15
1540922039145	14
1540922039148	13
1540922039153	11
1540922039159	10
1540922039164	11
1540922039161	14
1540922039169	22
1540922039177	15
1540922039179	15
1540922039194	11
1540922039192	14
1540922039191	16
1540922039205	11
1540922039206	16
1540922039216	14
1540922039208	22
1540922039223	10
1540922039233	11
1540922039230	15
1540922039230	15
1540922039245	10
1540922039245	14
1540922039244	16
1540922039255	10
1540922039259	10
1540922039260	16
1540922039265	13
1540922039269	10
1540922039276	15
1540922039279	13
1540922039291	11
1540922039279	24
1540922039292	13
1540922039302	12
1540922039305	10
1540922039303	15
1540922039315	10
1540922039314	15
1540922039331	15
1540922039332	16
1540922039331	17
1540922039348	11
1540922039346	13
1540922039348	15
1540922039359	11
1540922039363	11
1540922039360	14
1540922039377	9
1540922039377	11
1540922039377	19
1540922039387	11
1540922039388	17
1540922039396	16
1540922039398	14
1540922039405	15
1540922039412	15
1540922039412	16
1540922039420	16
1540922039428	12
1540922039427	13
1540922039436	11
1540922039440	10
1540922039440	11
1540922039447	11
1540922039450	10
1540922039451	15
1540922039458	14
1540922039460	14
1540922039467	15
1540922039472	14
1540922039474	12
1540922039482	16
1540922039486	14
1540922039486	22
1540922039498	11
1540922039500	10
1540922039508	12
1540922039510	12
1540922039509	19
1540922039520	10
1540922039522	20
1540922039528	15
1540922039530	13
1540922039543	17
1540922039542	19
1540922039543	26
1540922039561	16
1540922039560	18
1540922039569	15
1540922039578	10
1540922039578	10
1540922039584	10
1540922039588	9
1540922039588	11
1540922039595	10
1540922039599	18
1540922039597	23
1540922039606	24
1540922039617	15
1540922039620	13
1540922039630	16
1540922039632	14
1540922039633	15
1540922039647	10
1540922039648	9
1540922039646	15
1540922039657	10
1540922039657	11
1540922039661	11
1540922039672	11
1540922039668	15
1540922039668	16
1540922039683	16
1540922039684	15
1540922039683	17
1540922039699	15
1540922039699	17
1540922039701	16
1540922039714	23
1540922039716	23
1540922039717	27
1540922039738	12
1540922039739	16
1540922039744	12
1540922039750	16
1540922039757	11
1540922039756	14
1540922039766	15
1540922039770	14
1540922039768	17
1540922039781	16
1540922039784	15
1540922039785	15
1540922039797	11
1540922039799	11
1540922039800	17
1540922039808	10
1540922039810	10
1540922039817	11
1540922039818	23
1540922039828	13
1540922039820	25
1540922039846	13
1540922039841	18
1540922039841	20
1540922039859	16
1540922039859	16
1540922039861	15
1540922039875	11
1540922039876	11
1540922039875	15
1540922039886	11
1540922039887	11
1540922039890	10
1540922039900	11
1540922039897	16
1540922039898	16
1540922039912	15
1540922039914	15
1540922039913	26
1540922039927	15
1540922039929	16
1540922039949	12
1540922039947	17
1540922039947	18
1540922039961	12
1540922039966	12
1540922039966	12
1540922039982	10
1540922039982	11
1540922039982	17
1540922039992	15
1540922039993	15
1540922039999	14
1540922040007	16
1540922040008	15
1540922040013	14
1540922040023	14
1540922040023	15
1540922040027	13
1540922040038	10
1540922040038	11
1540922040040	11
1540922040048	11
1540922040049	11
1540922040051	16
1540922040060	15
1540922040059	16
1540922040067	13
1540922040075	16
1540922040075	16
1540922040080	15
1540922040091	15
1540922040095	18
1540922040091	24
1540922040106	10
1540922040113	10
1540922040115	11
1540922040116	10
1540922040126	11
1540922040123	16
1540922040126	17
1540922040137	15
1540922040139	14
1540922040143	14
1540922040152	16
1540922040158	15
1540922040153	23
1540922040168	14
1540922040173	11
1540922040182	11
1540922040176	18
1540922040184	11
1540922040193	10
1540922040194	10
1540922040196	16
1540922040203	15
1540922040204	14
1540922040212	15
1540922040221	15
1540922040221	15
1540922040227	16
1540922040236	14
1540922040236	14
1540922040243	11
1540922040250	10
1540922040254	11
1540922040260	11
1540922040250	31
1540922040266	19
1540922040291	12
1540922040291	16
1540922040290	17
1540922040303	16
1540922040307	13
1540922040307	14
1540922040320	9
1540922040319	17
1540922040321	15
1540922040330	11
1540922040336	11
1540922040336	16
1540922040341	13
1540922040347	12
1540922040353	11
1540922040354	15
1540922040359	16
1540922040364	13
1540922040369	25
1540922040377	18
1540922040376	19
1540922040394	11
1540922040396	16
1540922040396	16
1540922040406	10
1540922040412	12
1540922040412	15
1540922040416	13
1540922040424	12
1540922040427	11
1540922040429	14
1540922040436	16
1540922040438	18
1540922040443	16
1540922040459	10
1540922040452	17
1540922040456	14
1540922040470	15
1540922040470	21
1540922040470	25
1540922040486	14
1540922040492	15
1540922040495	12
1540922040500	14
1540922040508	12
1540922040507	20
1540922040514	14
1540922040520	15
1540922040527	10
1540922040528	11
1540922040539	12
1540922040538	13
1540922040535	17
1540922040551	16
1540922040551	16
1540922040552	23
1540922040567	15
1540922040567	17
1540922040576	10
1540922040584	11
1540922040586	10
1540922040582	14
1540922040597	9
1540922040595	13
1540922040596	15
1540922040608	16
1540922040611	14
1540922040606	19
1540922040625	14
1540922040625	14
1540922040624	16
1540922040639	11
1540922040639	15
1540922040640	16
1540922040650	10
1540922040656	12
1540922040654	14
1540922040660	14
1540922040668	10
1540922040668	11
1540922040678	9
1540922040674	15
1540922040679	16
1540922040688	13
1540922040689	14
1540922040695	14
1540922040703	10
1540922040701	14
1540922040713	11
1540922040709	16
1540922040715	13
1540922040724	14
1540922040728	12
1540922040725	18
1540922040738	15
1540922040743	10
1540922040740	18
1540922040753	15
1540922040753	17
1540922040758	15
1540922040768	10
1540922040770	14
1540922040773	13
1540922040778	10
1540922040784	15
1540922040786	13
1540922040788	14
1540922040799	10
1540922040799	10
1540922040809	10
1540922040809	10
1540922040802	29
1540922040819	14
1540922040819	15
1540922040831	14
1540922040833	13
1540922040834	15
1540922040845	11
1540922040849	16
1540922040856	11
1540922040846	24
1540922040865	20
1540922040868	19
1540922040870	19
1540922040885	13
1540922040887	17
1540922040890	21
1540922040898	16
1540922040905	16
1540922040911	15
1540922040914	14
1540922040921	11
1540922040932	11
1540922040926	17
1540922040928	17
1540922040943	19
1540922040943	20
1540922040945	22
1540922040967	12
1540922040963	17
1540922040963	20
1540922040998	23
1540922040999	28
1540922040999	30
1540922041027	18
1540922041029	12
1540922041027	18
1540922041045	12
1540922041045	19
1540922041045	24
1540922041057	17
1540922041064	20
1540922041069	23
1540922041074	19
1540922041084	11
1540922041092	12
1540922041093	16
1540922041095	21
1540922041109	11
1540922041105	16
1540922041120	12
1540922041116	17
1540922041121	17
1540922041132	17
1540922041138	17
1540922041133	25
1540922041150	14
1540922041155	14
1540922041164	18
1540922041158	25
1540922041169	21
1540922041182	11
1540922041183	10
1540922041193	11
1540922041193	12
1540922041190	17
1540922041204	16
1540922041205	17
1540922041207	16
1540922041248	18
1540922041248	19
1540922041248	20
1540922041266	12
1540922041267	16
1540922041278	13
1540922041283	11
1540922041268	28
1540922041294	12
1540922041291	16
1540922041296	12
1540922041306	16
1540922041307	17
1540922041308	18
1540922041326	15
1540922041324	18
1540922041323	24
1540922041342	12
1540922041341	15
1540922041354	12
1540922041347	31
1540922041366	16
1540922041357	26
1540922041378	13
1540922041383	12
1540922041382	16
1540922041392	12
1540922041395	11
1540922041398	17
1540922041404	15
1540922041406	14
1540922041427	56
1540922041438	46
1540922041483	12
1540922041439	65
1540922041489	17
1540922041495	14
1540922041506	11
1540922041504	16
1540922041517	11
1540922041520	12
1540922041509	26
1540922041532	12
1540922041528	22
1540922041535	16
1540922041544	16
1540922041551	12
1540922041551	14
1540922041563	13
1540922041560	16
1540922041566	15
1540922041581	11
1540922041576	16
1540922041576	18
1540922041592	12
1540922041592	16
1540922041595	19
1540922041604	14
1540922041608	15
1540922041615	11
1540922041618	15
1540922041624	10
1540922041626	16
1540922041634	11
1540922041634	14
1540922041642	15
1540922041648	10
1540922041645	15
1540922041658	11
1540922041657	15
1540922041660	23
1540922041669	14
1540922041672	11
1540922041683	13
1540922041683	15
1540922041683	15
1540922041696	17
1540922041773	34
1540922041774	50
1540922041774	51
1540922041807	20
1540922041825	10
1540922041824	14
1540922041827	16
1540922041835	11
1540922041838	9
1540922041847	10
1540922041843	15
1540922041846	14
1540922041857	15
1540922041858	15
1540922041873	11
1540922041872	14
1540922041860	28
1540922041884	11
1540922041889	19
1540922041886	26
1540922041895	18
1540922041908	12
1540922041912	11
1540922041914	19
1540922041923	10
1540922041922	23
1540922041933	45
1540922041945	50
1540922041933	63
1540922041979	26
1540922041995	16
1540922041996	17
1540922042005	12
1540922042011	16
1540922042013	15
1540922042017	15
1540922042028	12
1540922042027	14
1540922042032	16
1540922042040	11
1540922042041	11
1540922042048	17
1540922042052	14
1540922042051	16
1540922042065	14
1540922042068	15
1540922042067	16
1540922042079	12
1540922042083	15
1540922042083	15
1540922042091	16
1540922042099	9
1540922042098	18
1540922042108	10
1540922042116	10
1540922042108	21
1540922042118	16
1540922042126	14
1540922042134	14
1540922042129	27
1540922042140	16
1540922042148	14
1540922042156	11
1540922042156	16
1540922042162	10
1540922042167	11
1540922042172	10
1540922042172	11
1540922042182	10
1540922042178	16
1540922042183	14
1540922042192	15
1540922042194	15
1540922042197	14
1540922042207	15
1540922042209	14
1540922042211	14
1540922042223	11
1540922042225	10
1540922042222	14
1540922042234	11
1540922042237	9
1540922042237	10
1540922042246	10
1540922042245	17
1540922042247	21
1540922042256	15
1540922042262	14
1540922042268	15
1540922042271	15
1540922042287	13
1540922042277	23
1540922042283	17
1540922042300	11
1540922042302	11
1540922042303	10
1540922042312	20
1540922042314	73
1540922042314	73
1540922042332	79
1540922042388	25
1540922042387	26
1540922042411	15
1540922042413	13
1540922042413	14
1540922042427	25
1540922042427	25
1540922042427	26
1540922042452	10
1540922042452	10
1540922042453	10
1540922042462	9
1540922042464	10
1540922042464	10
1540922042471	15
1540922042474	14
1540922042474	14
1540922042486	15
1540922042488	15
1540922042488	15
1540922042501	15
1540922042503	13
1540922042516	9
1540922042503	22
1540922042516	11
1540922042525	11
1540922042527	10
1540922042536	12
1540922042525	23
1540922042537	18
1540922042548	14
1540922042549	14
1540922042555	17
1540922042562	16
1540922042563	16
1540922042572	16
1540922042578	14
1540922042579	16
1540922042588	11
1540922042595	12
1540922042599	11
1540922042592	18
1540922042607	11
1540922042610	10
1540922042610	21
1540922042619	15
1540922042620	24
1540922042631	16
1540922042634	15
1540922042644	17
1540922042647	14
1540922042649	15
1540922042661	10
1540922042664	11
1540922042661	15
1540922042672	10
1540922042677	11
1540922042677	18
1540922042682	16
1540922042688	15
1540922042695	11
1540922042699	14
1540922042704	15
1540922042709	14
1540922042719	17
1540922042723	15
1540922042717	23
1540922042736	12
1540922042740	10
1540922042738	14
1540922042750	10
1540922042752	10
1540922042748	22
1540922042774	34
1540922042774	38
1540922042774	41
1540922042808	16
1540922042812	24
1540922042846	15
1540922042845	16
1540922042846	16
1540922042862	10
1540922042872	12
1540922042862	25
1540922042862	26
1540922042884	14
1540922042887	12
1540922042888	12
1540922042898	16
1540922042899	21
1540922042900	22
1540922042914	15
1540922042920	16
1540922042922	16
1540922042929	10
1540922042936	19
1540922042938	18
1540922042939	20
1540922042955	16
1540922042956	16
1540922042959	15
1540922042971	11
1540922042982	11
1540922042972	21
1540922042974	22
1540922042994	11
1540922042994	15
1540922042996	13
1540922043009	10
1540922043009	15
1540922043005	18
1540922043019	12
1540922043025	16
1540922043024	19
1540922043031	13
1540922043043	11
1540922043044	13
1540922043041	28
1540922043054	16
1540922043057	13
1540922043070	13
1540922043071	14
1540922043070	15
1540922043085	12
1540922043083	19
1540922043085	22
1540922043097	15
1540922043102	14
1540922043108	16
1540922043112	17
1540922043116	16
1540922043124	15
1540922043132	20
1540922043139	25
1540922043159	17
1540922043129	18
1540922043179	45
1540922043176	49
1540922043164	62
1540922043224	11
1540922043225	18
1540922043226	18
1540922043235	17
1540922043243	16
1540922043244	18
1540922043252	19
1540922043262	14
1540922043260	18
1540922043271	17
1540922043276	15
1540922043278	13
1540922043289	12
1540922043291	13
1540922043291	16
1540922043301	17
1540922043304	17
1540922043307	16
1540922043323	16
1540922043319	21
1540922043321	23
1540922043339	11
1540922043340	14
1540922043345	14
1540922043350	11
1540922043359	11
1540922043354	17
1540922043361	14
1540922043370	12
1540922043376	16
1540922043371	22
1540922043383	14
1540922043393	12
1540922043397	16
1540922043392	24
1540922043427	11
1540922043427	17
1540922043427	19
1540922043438	12
1540922043446	11
1540922043445	15
1540922043450	15
1540922043457	11
1540922043465	16
1540922043468	14
1540922043460	25
1540922043481	15
1540922043485	12
1540922043484	15
1540922043496	11
1540922043497	12
1540922043499	16
1540922043507	11
1540922043509	17
1540922043515	11
1540922043518	15
1540922043526	12
1540922043526	16
1540922043534	16
1540922043538	15
1540922043542	15
1540922043550	16
1540922043561	12
1540922043560	17
1540922043566	13
1540922043573	12
1540922043579	12
1540922043577	20
1540922043585	15
1540922043591	14
1540922043597	12
1540922043600	16
1540922043605	15
1540922043609	12
1540922043616	15
1540922043624	15
1540922043624	15
1540922043631	11
1540922043639	12
1540922043642	14
1540922043639	17
1540922043651	13
1540922043656	16
1540922043656	16
1540922043664	17
1540922043672	16
1540922043672	16
1540922043681	16
1540922043688	10
1540922043688	15
1540922043697	16
1540922043698	16
1540922043709	11
1540922043713	12
1540922043714	15
1540922043724	11
1540922043725	12
1540922043729	16
1540922043735	14
1540922043737	16
1540922043745	11
1540922043758	12
1540922043758	15
1540922043758	15
1540922043773	16
1540922043773	23
1540922043773	23
1540922043848	35
1540922043848	35
1540922043848	35
1540922043999	12
1540922043999	12
1540922043999	24
1540922044011	16
1540922044011	17
1540922044023	19
1540922044027	15
1540922044028	15
1540922044043	11
1540922044043	16
1540922044043	18
1540922044059	12
1540922044057	16
1540922044061	12
1540922044071	11
1540922044073	13
1540922044073	16
1540922044082	15
1540922044086	15
1540922044089	15
1540922044097	14
1540922044101	15
1540922044104	20
1540922044111	16
1540922044116	17
1540922044125	11
1540922044127	10
1540922044133	12
1540922044137	11
1540922044136	16
1540922044145	12
1540922044148	15
1540922044153	14
1540922044157	15
1540922044163	16
1540922044167	15
1540922044193	11
1540922044193	15
1540922044193	16
1540922044204	11
1540922044208	11
1540922044209	17
1540922044219	11
1540922044215	19
1540922044226	12
1540922044230	15
1540922044234	14
1540922044238	12
1540922044245	15
1540922044248	18
1540922044250	23
1540922044261	15
1540922044266	11
1540922044277	11
1540922044276	13
1540922044275	16
1540922044288	17
1540922044291	18
1540922044289	23
1540922044309	11
1540922044306	16
1540922044312	15
1540922044327	11
1540922044327	16
1540922044327	17
1540922044338	15
1540922044344	14
1540922044345	16
1540922044358	12
1540922044354	17
1540922044361	10
1540922044370	18
1540922044371	19
1540922044371	20
1540922044390	11
1540922044388	16
1540922044391	15
1540922044401	11
1540922044405	17
1540922044406	17
1540922044412	15
1540922044422	12
1540922044423	18
1540922044427	16
1540922044434	12
1540922044441	11
1540922044443	16
1540922044446	15
1540922044452	11
1540922044459	11
1540922044463	16
1540922044462	17
1540922044471	10
1540922044479	15
1540922044481	16
1540922044479	18
1540922044497	11
1540922044497	14
1540922044497	15
1540922044508	11
1540922044512	12
1540922044512	15
1540922044524	12
1540922044527	10
1540922044519	28
1540922044536	15
1540922044538	20
1540922044547	16
1540922044552	15
1540922044562	15
1540922044563	16
1540922044567	16
1540922044579	11
1540922044577	16
1540922044583	12
1540922044590	12
1540922044593	14
1540922044595	12
1540922044602	16
1540922044608	11
1540922044608	15
1540922044619	11
1540922044623	18
1540922044618	24
1540922044630	15
1540922044641	17
1540922044643	15
1540922044645	17
1540922044658	11
1540922044658	12
1540922044663	16
1540922044669	12
1540922044671	13
1540922044679	15
1540922044681	18
1540922044684	18
1540922044694	23
1540922044699	18
1540922044719	23
1540922044725	18
1540922044725	19
1540922044743	13
1540922044742	18
1540922044744	17
1540922044756	11
1540922044760	15
1540922044761	17
1540922044767	14
1540922044775	12
1540922044778	12
1540922044781	17
1540922044788	15
1540922044790	13
1540922044798	15
1540922044803	18
1540922044803	18
1540922044813	12
1540922044825	10
1540922044821	17
1540922044821	18
1540922044835	15
1540922044838	12
1540922044839	17
1540922044850	11
1540922044850	17
1540922044857	11
1540922044863	16
1540922044869	11
1540922044867	16
1540922044879	15
1540922044883	12
1540922044880	16
1540922044895	13
1540922044894	17
1540922044896	26
1540922044912	12
1540922044908	17
1540922044924	13
1540922044922	16
1540922044925	15
1540922044938	11
1540922044937	16
1540922044940	15
1540922044949	12
1540922044955	11
1540922044953	18
1540922044961	15
1540922044966	11
1540922044971	16
1540922044977	14
1540922044977	17
1540922044987	13
1540922044991	16
1540922044994	16
1540922045000	13
1540922045007	13
1540922045011	16
1540922045013	15
1540922045020	11
1540922045027	11
1540922045028	18
1540922045031	15
1540922045040	12
1540922045046	17
1540922045046	17
1540922045054	13
1540922045063	12
1540922045063	15
1540922045067	15
1540922045076	12
1540922045078	12
1540922045082	17
1540922045090	12
1540922045088	17
1540922045099	11
1540922045102	18
1540922045106	14
1540922045117	12
1540922045120	27
1540922045121	41
1540922045147	16
1540922045129	38
1540922045162	10
1540922045163	11
1540922045167	14
1540922045172	10
1540922045174	11
1540922045181	15
1540922045185	15
1540922045182	22
1540922045196	10
1540922045200	16
1540922045207	10
1540922045204	14
1540922045217	14
1540922045218	13
1540922045231	10
1540922045216	25
1540922045231	12
1540922045241	10
1540922045243	15
1540922045241	23
1540922045258	11
1540922045251	24
1540922045264	11
1540922045269	10
1540922045275	15
1540922045275	17
1540922045279	25
1540922045290	15
1540922045292	17
1540922045305	14
1540922045304	16
1540922045309	15
1540922045319	13
1540922045324	17
1540922045332	10
1540922045320	23
1540922045343	12
1540922045342	17
1540922045341	21
1540922045357	14
1540922045359	18
1540922045371	16
1540922045362	26
1540922045377	14
1540922045391	11
1540922045387	16
1540922045388	17
1540922045402	10
1540922045405	11
1540922045403	17
1540922045412	14
1540922045416	11
1540922045420	11
1540922045426	17
1540922045431	12
1540922045427	16
1540922045443	15
1540922045443	15
1540922045444	15
1540922045462	11
1540922045462	16
1540922045473	11
1540922045462	26
1540922045478	14
1540922045484	15
1540922045496	9
1540922045495	12
1540922045505	10
1540922045502	17
1540922045507	12
1540922045515	15
1540922045519	16
1540922045519	16
1540922045530	15
1540922045535	11
1540922045535	15
1540922045546	11
1540922045545	14
1540922045550	15
1540922045560	11
1540922045560	16
1540922045567	12
1540922045571	10
1540922045579	12
1540922045578	16
1540922045582	14
1540922045596	14
1540922045592	18
1540922045594	17
1540922045611	12
1540922045610	15
1540922045610	17
1540922045625	11
1540922045624	13
1540922045627	16
1540922045636	12
1540922045643	10
1540922045648	14
1540922045637	26
1540922045653	13
1540922045662	15
1540922045666	16
1540922045663	22
1540922045677	14
1540922045682	14
1540922045685	14
1540922045691	10
1540922045699	10
1540922045702	9
1540922045696	17
1540922045709	9
1540922045713	13
1540922045712	15
1540922045719	13
1540922045726	12
1540922045732	17
1540922045728	22
1540922045739	25
1540922045749	16
1540922045750	15
1540922045766	9
1540922045765	11
1540922045764	14
1540922045776	10
1540922045777	9
1540922045778	15
1540922045786	14
1540922045786	14
1540922045794	11
1540922045800	14
1540922045800	14
1540922045805	10
1540922045814	15
1540922045816	15
1540922045814	17
1540922045829	13
1540922045831	13
1540922045831	17
1540922045842	13
1540922045844	12
1540922045848	21
1540922045855	15
1540922045869	10
1540922045870	16
1540922045857	31
1540922045886	14
1540922045880	21
1540922045888	17
1540922045901	9
1540922045901	13
1540922045905	15
1540922045911	9
1540922045914	14
1540922045920	11
1540922045920	15
1540922045931	10
1540922045929	13
1540922045935	13
1540922045942	9
1540922045941	15
1540922045948	14
1540922045952	10
1540922045956	14
1540922045962	9
1540922045962	14
1540922045971	12
1540922045970	13
1540922045976	15
1540922045983	10
1540922045983	12
1540922045993	10
1540922045991	14
1540922045995	15
1540922046005	10
1540922046003	15
1540922046010	12
1540922046015	9
1540922046018	14
1540922046022	10
1540922046024	14
1540922046032	10
1540922046032	14
1540922046038	15
1540922046042	15
1540922046046	11
1540922046053	13
1540922046059	10
1540922046059	14
1540922046066	10
1540922046069	13
1540922046076	11
1540922046073	14
1540922046083	14
1540922046092	10
1540922046097	16
1540922046102	11
1540922046092	24
1540922046113	11
1540922046113	16
1540922046125	9
1540922046116	26
1540922046129	16
1540922046134	13
1540922046142	17
1540922046145	14
1540922046147	15
1540922046159	10
1540922046160	10
1540922046162	15
1540922046169	10
1540922046170	9
1540922046177	10
1540922046179	15
1540922046180	15
1540922046187	10
1540922046194	15
1540922046195	16
1540922046197	16
1540922046212	16
1540922046212	18
1540922046213	17
1540922046228	9
1540922046230	11
1540922046237	10
1540922046241	10
1540922046230	16
1540922046247	15
1540922046252	13
1540922046268	10
1540922046268	15
1540922046278	11
1540922046283	14
1540922046269	29
1540922046289	14
1540922046299	16
1540922046303	13
1540922046297	19
1540922046315	12
1540922046330	10
1540922046330	12
1540922046330	15
1540922046345	9
1540922046344	15
1540922046344	17
1540922046354	10
1540922046364	16
1540922046364	16
1540922046364	18
1540922046380	15
1540922046382	15
1540922046380	22
1540922046410	11
1540922046411	12
1540922046411	14
1540922046424	11
1540922046425	11
1540922046436	10
1540922046424	25
1540922046435	16
1540922046449	16
1540922046451	15
1540922046446	21
1540922046467	14
1540922046466	15
1540922046466	16
1540922046482	12
1540922046481	14
1540922046481	15
1540922046494	11
1540922046495	10
1540922046496	10
1540922046506	10
1540922046505	13
1540922046506	18
1540922046517	13
1540922046518	12
1540922046524	12
1540922046530	14
1540922046531	15
1540922046536	14
1540922046546	10
1540922046544	13
1540922046550	12
1540922046556	10
1540922046557	10
1540922046562	11
1540922046567	12
1540922046566	14
1540922046573	10
1540922046579	14
1540922046580	15
1540922046583	14
1540922046594	14
1540922046595	16
1540922046597	15
1540922046611	11
1540922046608	15
1540922046612	13
1540922046622	10
1540922046623	9
1540922046625	10
1540922046632	10
1540922046635	10
1540922046632	14
1540922046642	15
1540922046645	14
1540922046646	14
1540922046657	14
1540922046659	13
1540922046671	13
1540922046660	24
1540922046672	15
1540922046685	9
1540922046684	10
1540922046687	10
1540922046695	10
1540922046697	12
1540922046695	21
1540922046705	15
1540922046709	17
1540922046716	15
1540922046720	14
1540922046726	15
1540922046731	15
1540922046734	13
1540922046741	15
1540922046747	10
1540922046746	15
1540922046757	10
1540922046757	12
1540922046761	12
1540922046769	10
1540922046767	15
1540922046773	11
1540922046779	14
1540922046782	13
1540922046784	14
1540922046793	15
1540922046798	15
1540922046795	23
1540922046808	15
1540922046813	15
1540922046818	11
1540922046823	11
1540922046828	11
1540922046829	10
1540922046834	10
1540922046839	12
1540922046839	17
1540922046844	15
1540922046851	13
1540922046856	14
1540922046859	15
1540922046864	15
1540922046871	24
1540922046874	22
1540922046879	18
1540922046895	13
1540922046896	18
1540922046897	21
1540922046908	10
1540922046914	10
1540922046926	10
1540922046926	15
1540922046926	16
1540922046936	14
1540922046942	13
1540922046943	13
1540922046951	16
1540922046967	16
1540922046967	17
1540922046967	17
1540922046983	11
1540922046984	10
1540922046984	12
1540922046994	11
1540922046994	11
1540922046996	15
1540922047005	20
1540922047005	21
1540922047011	15
1540922047026	14
1540922047025	15
1540922047026	17
1540922047040	16
1540922047040	17
1540922047043	15
1540922047056	10
1540922047057	11
1540922047058	11
1540922047066	10
1540922047068	11
1540922047069	11
1540922047076	16
1540922047079	14
1540922047080	15
1540922047092	14
1540922047095	14
1540922047093	22
1540922047106	14
1540922047120	11
1540922047109	24
1540922047115	23
1540922047132	10
1540922047133	12
1540922047138	11
1540922047145	11
1540922047142	16
1540922047149	10
1540922047156	15
1540922047158	17
1540922047159	17
1540922047175	15
1540922047176	17
1540922047172	23
1540922047190	10
1540922047195	13
1540922047193	15
1540922047201	10
1540922047208	10
1540922047211	15
1540922047218	10
1540922047208	23
1540922047226	14
1540922047231	12
1540922047228	24
1540922047240	14
1540922047243	16
1540922047254	10
1540922047252	17
1540922047264	10
1540922047259	16
1540922047269	15
1540922047277	14
1540922047277	16
1540922047284	12
1540922047293	12
1540922047291	14
1540922047296	11
1540922047305	12
1540922047305	15
1540922047307	16
1540922047317	16
1540922047323	14
1540922047320	20
1540922047333	15
1540922047340	11
1540922047337	15
1540922047352	12
1540922047348	24
1540922047364	11
1540922047351	25
1540922047372	14
1540922047376	15
1540922047375	16
1540922047386	12
1540922047391	16
1540922047398	15
1540922047391	24
1540922047407	10
1540922047417	11
1540922047413	18
1540922047415	22
1540922047428	14
1540922047437	10
1540922047431	16
1540922047442	15
1540922047447	13
1540922047447	16
1540922047457	15
1540922047463	11
1540922047472	11
1540922047460	28
1540922047474	14
1540922047483	11
1540922047488	15
1540922047488	16
1540922047494	13
1540922047503	14
1540922047507	15
1540922047504	21
1540922047517	11
1540922047525	10
1540922047528	10
1540922047522	16
1540922047535	10
1540922047538	11
1540922047545	15
1540922047538	24
1540922047549	21
1540922047562	15
1540922047560	25
1540922047575	15
1540922047577	14
1540922047585	15
1540922047593	10
1540922047593	15
1540922047600	10
1540922047603	11
1540922047611	11
1540922047614	15
1540922047608	23
1540922047622	15
1540922047632	10
1540922047629	15
1540922047637	16
1540922047643	10
1540922047644	14
1540922047653	15
1540922047653	16
1540922047658	12
1540922047668	11
1540922047670	11
1540922047680	11
1540922047669	24
1540922047681	24
1540922047691	15
1540922047693	14
1540922047709	10
1540922047709	18
1540922047709	18
1540922047720	12
1540922047727	16
1540922047732	13
1540922047727	23
1540922047745	14
1540922047743	18
1540922047750	22
1540922047761	10
1540922047772	11
1540922047759	30
1540922047777	14
1540922047783	14
1540922047789	12
1540922047791	13
1540922047797	16
1540922047801	12
1540922047804	15
1540922047813	16
1540922047813	17
1540922047829	11
1540922047819	23
1540922047830	18
1540922047840	12
1540922047842	11
1540922047848	18
1540922047852	17
1540922047853	17
1540922047866	13
1540922047869	17
1540922047870	16
1540922047879	12
1540922047886	15
1540922047886	15
1540922047892	16
1540922047901	10
1540922047901	12
1540922047912	11
1540922047913	10
1540922047908	17
1540922047931	18
1540922047931	18
1540922047931	18
1540922047949	12
1540922047951	16
1540922047951	16
1540922047961	12
1540922047967	16
1540922047967	21
1540922047973	15
1540922047988	11
1540922047984	18
1540922047989	17
1540922047999	9
1540922048003	10
1540922048006	16
1540922048009	13
1540922048013	13
1540922048022	12
1540922048034	12
1540922048022	24
1540922048026	21
1540922048047	15
1540922048046	17
1540922048047	18
1540922048062	10
1540922048065	14
1540922048063	17
1540922048072	9
1540922048088	10
1540922048088	16
1540922048088	18
1540922048098	14
1540922048104	10
1540922048106	16
1540922048114	11
1540922048112	14
1540922048128	16
1540922048128	16
1540922048128	18
1540922048144	11
1540922048144	15
1540922048147	12
1540922048156	11
1540922048160	11
1540922048159	15
1540922048167	13
1540922048171	16
1540922048174	17
1540922048180	17
1540922048191	10
1540922048187	16
1540922048197	15
1540922048201	13
1540922048203	15
1540922048212	11
1540922048214	15
1540922048218	13
1540922048223	10
1540922048231	12
1540922048229	15
1540922048234	16
1540922048244	10
1540922048243	16
1540922048251	13
1540922048254	10
1540922048259	16
1540922048264	15
1540922048264	17
1540922048281	11
1540922048275	17
1540922048279	14
1540922048292	10
1540922048292	12
1540922048293	15
1540922048304	14
1540922048302	16
1540922048308	12
1540922048318	17
1540922048326	11
1540922048318	19
1540922048335	18
1540922048337	18
1540922048337	19
1540922048353	10
1540922048355	15
1540922048357	17
1540922048363	11
1540922048370	10
1540922048380	10
1540922048374	16
1540922048374	17
1540922048391	13
1540922048390	16
1540922048390	17
1540922048404	13
1540922048407	16
1540922048407	17
1540922048418	15
1540922048424	15
1540922048423	19
1540922048434	15
1540922048440	11
1540922048443	11
1540922048454	10
1540922048449	22
1540922048451	24
1540922048464	14
1540922048471	14
1540922048475	14
1540922048478	14
1540922048485	12
1540922048489	13
1540922048502	10
1540922048497	16
1540922048492	21
1540922048512	10
1540922048513	14
1540922048513	19
1540922048522	14
1540922048527	12
1540922048532	10
1540922048537	13
1540922048541	10
1540922048542	13
1540922048551	9
1540922048551	13
1540922048555	14
1540922048560	15
1540922048564	11
1540922048570	16
1540922048576	10
1540922048575	16
1540922048586	12
1540922048586	16
1540922048591	15
1540922048598	11
1540922048606	10
1540922048602	14
1540922048609	17
1540922048616	11
1540922048616	12
1540922048628	10
1540922048626	14
1540922048627	14
1540922048638	9
1540922048640	15
1540922048641	15
1540922048647	12
1540922048655	10
1540922048656	14
1540922048659	12
1540922048665	10
1540922048671	14
1540922048670	15
1540922048685	10
1540922048685	10
1540922048676	23
1540922048695	11
1540922048695	14
1540922048699	15
1540922048706	13
1540922048709	14
1540922048714	13
1540922048719	12
1540922048727	9
1540922048732	14
1540922048723	24
1540922048736	19
1540922048798	10
1540922048798	12
1540922048798	20
1540922048809	10
1540922048810	10
1540922048820	14
1540922048819	16
1540922048818	22
1540922048834	15
1540922048835	15
1540922048840	14
1540922048849	14
1540922048854	10
1540922048863	10
1540922048864	9
1540922048850	24
1540922048873	10
1540922048874	11
1540922048873	14
1540922048885	11
1540922048883	17
1540922048888	13
1540922048900	15
1540922048896	19
1540922048915	15
1540922048915	15
1540922048913	26
1540922048930	10
1540922048930	13
1540922048940	10
1540922048939	12
1540922048943	20
1540922048951	17
1540922048951	20
1540922048963	11
1540922048968	16
1540922048972	14
1540922048974	16
1540922048984	16
1540922048986	15
1540922048990	15
1540922049000	10
1540922049001	14
1540922049005	15
1540922049010	11
1540922049016	10
1540922049020	11
1540922049021	15
1540922049026	11
1540922049031	11
1540922049036	15
1540922049037	15
1540922049052	14
1540922049042	24
1540922049051	15
1540922049066	12
1540922049066	15
1540922049066	15
1540922049078	11
1540922049081	15
1540922049081	18
1540922049089	15
1540922049096	11
1540922049099	18
1540922049107	11
1540922049104	16
1540922049117	13
1540922049118	13
1540922049120	15
1540922049130	15
1540922049135	11
1540922049131	24
1540922049146	11
1540922049145	13
1540922049158	10
1540922049155	14
1540922049157	15
1540922049168	9
1540922049169	10
1540922049172	15
1540922049179	11
1540922049177	14
1540922049187	16
1540922049191	12
1540922049191	12
1540922049203	11
1540922049203	13
1540922049203	16
1540922049214	11
1540922049219	10
1540922049216	14
1540922049225	15
1540922049229	11
1540922049230	11
1540922049241	9
1540922049240	15
1540922049240	15
1540922049250	13
1540922049255	15
1540922049255	15
1540922049263	16
1540922049270	11
1540922049270	15
1540922049279	15
1540922049285	11
1540922049281	15
1540922049294	10
1540922049296	10
1540922049296	14
1540922049304	9
1540922049306	15
1540922049311	15
1540922049313	14
1540922049321	14
1540922049327	12
1540922049326	14
1540922049335	14
1540922049340	11
1540922049339	13
1540922049350	10
1540922049352	10
1540922049351	19
1540922049360	10
1540922049362	9
1540922049371	15
1540922049370	16
1540922049370	17
1540922049386	14
1540922049386	16
1540922049387	15
1540922049400	15
1540922049402	14
1540922049402	14
1540922049415	9
1540922049416	10
1540922049416	10
1540922049424	10
1540922049426	11
1540922049426	11
1540922049434	14
1540922049437	15
1540922049448	14
1540922049437	26
1540922049452	14
1540922049462	14
1540922049466	15
1540922049464	20
1540922049476	10
1540922049481	11
1540922049486	9
1540922049485	14
1540922049492	10
1540922049495	13
1540922049499	10
1540922049502	14
1540922049509	9
1540922049516	15
1540922049519	12
1540922049508	23
1540922049531	15
1540922049531	15
1540922049531	16
1540922049546	9
1540922049546	10
1540922049547	14
1540922049556	11
1540922049561	10
1540922049555	18
1540922049571	10
1540922049567	15
1540922049573	15
1540922049581	13
1540922049582	19
1540922049588	13
1540922049594	21
1540922049601	14
1540922049601	15
1540922049615	10
1540922049616	13
1540922049615	14
1540922049625	14
1540922049629	12
1540922049641	11
1540922049639	15
1540922049629	25
1540922049654	18
1540922049652	28
1540922049654	29
1540922049672	15
1540922049680	13
1540922049683	15
1540922049687	13
1540922049693	15
1540922049700	11
1540922049698	14
1540922049708	10
1540922049712	12
1540922049711	16
1540922049718	12
1540922049730	17
1540922049724	25
1540922049727	24
1540922049747	14
1540922049749	16
1540922049751	15
1540922049761	14
1540922049766	12
1540922049765	14
1540922049775	9
1540922049778	11
1540922049779	11
1540922049784	10
1540922049789	10
1540922049790	19
1540922049794	18
1540922049799	25
1540922049812	13
1540922049809	21
1540922049825	14
1540922049824	16
1540922049830	12
1540922049839	10
1540922049840	15
1540922049842	13
1540922049849	10
1540922049855	11
1540922049855	11
1540922049859	14
1540922049866	9
1540922049866	11
1540922049875	15
1540922049877	19
1540922049873	23
1540922049890	14
1540922049896	15
1540922049896	16
1540922049904	13
1540922049911	9
1540922049917	10
1540922049912	17
1540922049920	10
1540922049929	12
1540922049930	14
1540922049927	17
1540922049941	11
1540922049944	15
1540922049944	15
1540922049952	15
1540922049959	12
1540922049959	14
1540922049971	10
1540922049967	16
1540922049973	13
1540922049981	9
1540922049987	10
1540922049983	15
1540922049990	15
1540922049998	18
1540922050005	16
1540922049998	26
1540922050024	11
1540922050021	16
1540922050016	26
1540922050037	10
1540922050035	14
1540922050042	15
1540922050047	10
1540922050049	14
1540922050057	18
1540922050063	13
1540922050057	21
1540922050076	9
1540922050079	9
1540922050075	16
1540922050085	10
1540922050088	10
1540922050091	18
1540922050098	14
1540922050095	23
1540922050109	11
1540922050112	14
1540922050118	15
1540922050126	13
1540922050120	21
1540922050133	15
1540922050140	9
1540922050141	15
1540922050148	10
1540922050149	10
1540922050159	11
1540922050156	15
1540922050159	13
1540922050172	14
1540922050170	18
1540922050171	23
1540922050188	13
1540922050194	11
1540922050186	24
1540922050201	14
1540922050205	11
1540922050211	10
1540922050215	11
1540922050221	10
1540922050216	16
1540922050226	11
1540922050232	16
1540922050237	14
1540922050232	24
1540922050249	23
1540922050251	24
1540922050256	22
1540922050272	12
1540922050278	9
1540922050275	14
1540922050284	9
1540922050287	9
1540922050289	11
1540922050293	10
1540922050296	14
1540922050300	11
1540922050303	12
1540922050310	15
1540922050311	16
1540922050315	14
1540922050325	14
1540922050327	15
1540922050329	14
1540922050339	9
1540922050343	10
1540922050342	15
1540922050348	10
1540922050353	9
1540922050357	11
1540922050358	14
1540922050362	14
1540922050368	11
1540922050372	14
1540922050376	13
1540922050379	13
1540922050386	13
1540922050392	15
1540922050399	10
1540922050389	25
1540922050409	10
1540922050408	14
1540922050414	12
1540922050419	13
1540922050422	11
1540922050426	12
1540922050432	14
1540922050438	14
1540922050433	21
1540922050446	13
1540922050452	16
1540922050459	10
1540922050454	16
1540922050468	17
1540922050469	17
1540922050470	18
1540922050485	11
1540922050488	15
1540922050496	12
1540922050487	25
1540922050503	11
1540922050514	10
1540922050512	17
1540922050508	22
1540922050524	16
1540922050530	12
1540922050529	24
1540922050540	15
1540922050542	14
1540922050553	11
1540922050556	9
1540922050555	15
1540922050565	9
1540922050564	11
1540922050574	15
1540922050575	19
1540922050570	25
1540922050589	14
1540922050595	12
1540922050594	14
1540922050607	17
1540922050603	23
1540922050608	18
1540922050626	11
1540922050626	12
1540922050637	13
1540922050624	30
1540922050638	24
1540922050654	15
1540922050651	24
1540922050662	14
1540922050669	13
1540922050675	29
1540922050682	28
1540922050676	39
1540922050704	20
1540922050710	17
1540922050715	16
1540922050725	11
1540922050731	11
1540922050727	17
1540922050736	10
1540922050742	12
1540922050744	15
1540922050746	15
1540922050754	15
1540922050759	12
1540922050761	15
1540922050769	16
1540922050771	20
1540922050776	17
1540922050786	15
1540922050793	11
1540922050791	18
1540922050801	12
1540922050804	11
1540922050809	14
1540922050815	14
1540922050813	20
1540922050823	15
1540922050833	19
1540922050838	15
1540922050829	24
1540922050853	11
1540922050853	14
1540922050852	15
1540922050867	11
1540922050864	16
1540922050867	15
1540922050878	10
1540922050882	11
1540922050880	14
1540922050893	11
1540922050894	14
1540922050888	25
1540922050908	10
1540922050918	9
1540922050913	15
1540922050904	25
1540922050927	15
1540922050929	15
1540922050929	23
1540922050944	11
1540922050942	14
1540922050952	14
1540922050956	13
1540922050955	20
1540922050966	9
1540922050969	9
1540922050978	10
1540922050975	16
1540922050975	20
1540922050992	15
1540922050995	14
1540922050988	22
1540922051010	15
1540922051009	17
1540922051007	24
1540922051025	14
1540922051026	14
1540922051031	11
1540922051039	10
1540922051041	11
1540922051042	11
1540922051049	10
1540922051052	11
1540922051053	16
1540922051059	13
1540922051063	14
1540922051072	14
1540922051069	23
1540922051077	15
1540922051092	13
1540922051086	24
1540922051092	20
1540922051106	11
1540922051112	9
1540922051117	10
1540922051110	18
1540922051121	9
1540922051127	19
1540922051130	17
1540922051128	22
1540922051147	17
1540922051150	15
1540922051147	23
1540922051164	17
1540922051170	13
1540922051181	10
1540922051165	26
1540922051183	10
1540922051194	9
1540922051194	10
1540922051194	14
1540922051203	15
1540922051204	16
1540922051211	10
1540922051221	10
1540922051218	15
1540922051220	15
1540922051233	17
1540922051235	17
1540922051231	32
1540922051252	11
1540922051251	22
1540922051263	16
1540922051264	17
1540922051275	13
1540922051280	16
1540922051281	16
1540922051289	15
1540922051297	13
1540922051296	20
1540922051304	16
1540922051310	13
1540922051316	11
1540922051323	9
1540922051320	15
1540922051327	14
1540922051332	10
1540922051336	11
1540922051342	14
1540922051341	15
1540922051347	12
1540922051356	13
1540922051359	14
1540922051356	22
1540922051369	13
1540922051378	9
1540922051373	15
1540922051382	10
1540922051387	10
1540922051392	10
1540922051388	24
1540922051402	13
1540922051397	24
1540922051412	10
1540922051421	16
1540922051415	23
1540922051422	19
1540922051437	16
1540922051441	13
1540922051438	17
1540922051453	12
1540922051455	11
1540922051466	10
1540922051465	12
1540922051454	26
1540922051476	19
1540922051477	19
1540922051480	22
1540922051495	15
1540922051496	15
1540922051502	20
1540922051510	15
1540922051511	15
1540922051522	9
1540922051525	10
1540922051526	12
1540922051531	14
1540922051535	11
1540922051538	12
1540922051546	13
1540922051546	15
1540922051550	15
1540922051559	15
1540922051561	15
1540922051574	10
1540922051565	24
1540922051576	16
1540922051592	11
1540922051589	15
1540922051584	25
1540922051604	16
1540922051603	26
1540922051620	11
1540922051609	29
1540922051629	14
1540922051631	15
1540922051638	14
1540922051643	14
1540922051646	14
1540922051652	15
1540922051657	14
1540922051660	15
1540922051667	11
1540922051671	11
1540922051675	11
1540922051678	12
1540922051682	11
1540922051686	11
1540922051690	19
1540922051693	17
1540922051697	16
1540922051709	17
1540922051710	18
1540922051713	16
1540922051726	16
1540922051728	16
1540922051729	16
1540922051742	11
1540922051745	10
1540922051744	12
1540922051753	10
1540922051755	11
1540922051756	20
1540922051764	16
1540922051766	15
1540922051776	14
1540922051780	14
1540922051781	14
1540922051790	15
1540922051795	17
1540922051794	19
1540922051805	15
1540922051812	15
1540922051813	14
1540922051820	11
1540922051827	16
1540922051827	18
1540922051831	14
1540922051845	18
1540922051845	20
1540922051843	24
1540922051865	16
1540922051867	17
1540922051863	22
1540922051885	14
1540922051884	15
1540922051881	19
1540922051899	12
1540922051899	12
1540922051900	12
1540922051911	9
1540922051911	10
1540922051912	11
1540922051921	17
1540922051920	18
1540922051924	16
1540922051938	13
1540922051938	14
1540922051940	13
1540922051951	15
1540922051952	14
1540922051953	14
1540922051966	9
1540922051966	9
1540922051968	10
1540922051975	9
1540922051976	9
1540922051978	11
1540922051985	14
1540922051985	15
1540922051989	15
1540922051999	14
1540922052000	14
1540922052004	15
1540922052013	13
1540922052014	13
1540922052019	13
1540922052026	10
1540922052027	9
1540922052032	11
1540922052036	9
1540922052036	9
1540922052043	11
1540922052045	15
1540922052045	15
1540922052054	14
1540922052060	13
1540922052060	14
1540922052069	14
1540922052073	13
1540922052075	13
1540922052086	9
1540922052088	10
1540922052083	16
1540922052096	9
1540922052099	14
1540922052105	15
1540922052098	25
1540922052113	11
1540922052120	14
1540922052124	15
1540922052123	17
1540922052134	13
1540922052139	14
1540922052140	15
1540922052147	9
1540922052156	10
1540922052153	14
1540922052156	15
1540922052167	11
1540922052166	13
1540922052171	12
1540922052178	10
1540922052180	13
1540922052183	11
1540922052188	14
1540922052193	13
1540922052194	15
1540922052206	9
1540922052203	14
1540922052215	9
1540922052209	18
1540922052217	15
1540922052224	14
1540922052232	11
1540922052227	16
1540922052238	13
1540922052243	10
1540922052243	18
1540922052251	15
1540922052253	16
1540922052261	11
1540922052272	13
1540922052269	16
1540922052266	23
1540922052285	14
1540922052289	11
1540922052285	27
1540922052299	14
1540922052300	16
1540922052313	9
1540922052312	12
1540922052316	16
1540922052322	10
1540922052324	11
1540922052332	17
1540922052335	16
1540922052332	23
1540922052349	16
1540922052351	17
1540922052355	21
1540922052365	16
1540922052368	15
1540922052376	12
1540922052381	11
1540922052383	11
1540922052388	15
1540922052392	13
1540922052394	12
1540922052403	15
1540922052405	15
1540922052406	16
1540922052418	15
1540922052420	15
1540922052433	11
1540922052422	23
1540922052435	14
1540922052445	11
1540922052445	15
1540922052449	12
1540922052456	14
1540922052460	11
1540922052461	17
1540922052471	11
1540922052470	15
1540922052478	13
1540922052482	14
1540922052485	15
1540922052491	15
1540922052500	10
1540922052496	15
1540922052506	14
1540922052511	13
1540922052511	15
1540922052520	9
1540922052526	11
1540922052529	9
1540922052537	11
1540922052524	25
1540922052538	13
1540922052548	15
1540922052549	16
1540922052551	14
1540922052565	14
1540922052565	17
1540922052563	23
1540922052580	9
1540922052582	10
1540922052586	13
1540922052592	11
1540922052590	16
1540922052599	10
1540922052609	9
1540922052603	16
1540922052606	14
1540922052619	13
1540922052620	14
1540922052619	15
1540922052632	14
1540922052634	13
1540922052634	15
1540922052647	9
1540922052649	10
1540922052656	9
1540922052646	23
1540922052659	11
1540922052665	13
1540922052669	20
1540922052678	14
1540922052670	24
1540922052689	11
1540922052694	15
1540922052700	14
1540922052692	23
1540922052709	15
1540922052715	13
1540922052714	15
1540922052724	11
1540922052728	11
1540922052729	14
1540922052735	11
1540922052739	15
1540922052744	10
1540922052746	16
1540922052754	11
1540922052754	14
1540922052762	15
1540922052765	14
1540922052768	15
1540922052783	11
1540922052779	15
1540922052777	25
1540922052794	11
1540922052794	15
1540922052802	12
1540922052805	15
1540922052810	11
1540922052814	11
1540922052821	11
1540922052820	14
1540922052826	14
1540922052832	12
1540922052834	15
1540922052840	16
1540922052845	14
1540922052849	11
1540922052860	11
1540922052856	16
1540922052859	15
1540922052872	12
1540922052874	11
1540922052871	16
1540922052885	15
1540922052884	17
1540922052887	16
1540922052900	14
1540922052901	15
1540922052903	13
1540922052916	11
1540922052914	15
1540922052916	15
1540922052927	11
1540922052929	16
1540922052931	16
1540922052938	14
1540922052945	12
1540922052947	12
1540922052952	15
1540922052957	10
1540922052959	12
1540922052967	15
1540922052967	15
1540922052982	11
1540922052971	25
1540922052982	16
1540922052993	11
1540922052997	15
1540922052998	15
1540922053004	15
1540922053013	11
1540922053012	14
1540922053019	13
1540922053024	10
1540922053026	20
1540922053032	15
1540922053034	14
1540922053046	11
1540922053047	11
1540922053048	15
1540922053058	11
1540922053057	14
1540922053063	14
1540922053069	14
1540922053071	14
1540922053077	11
1540922053083	15
1540922053088	10
1540922053085	16
1540922053101	10
1540922053098	16
1540922053098	17
1540922053111	11
1540922053114	10
1540922053116	15
1540922053122	13
1540922053124	11
1540922053131	15
1540922053135	14
1540922053135	15
1540922053146	11
1540922053149	15
1540922053157	10
1540922053150	21
1540922053165	14
1540922053171	9
1540922053167	15
1540922053180	9
1540922053179	11
1540922053182	15
1540922053190	11
1540922053190	12
1540922053197	17
1540922053201	15
1540922053202	15
1540922053214	11
1540922053217	14
1540922053216	15
1540922053225	11
1540922053231	9
1540922053231	16
1540922053240	10
1540922053236	14
1540922053247	11
1540922053250	14
1540922053250	15
1540922053258	11
1540922053264	14
1540922053265	15
1540922053269	14
1540922053280	10
1540922053278	14
1540922053283	14
1540922053292	9
1540922053290	11
1540922053297	15
1540922053301	13
1540922053301	14
1540922053312	11
1540922053316	12
1540922053314	14
1540922053323	10
1540922053328	14
1540922053328	16
1540922053333	14
1540922053342	9
1540922053344	15
1540922053347	14
1540922053351	10
1540922053359	10
1540922053361	15
1540922053361	15
1540922053369	11
1540922053376	11
1540922053376	13
1540922053380	14
1540922053387	11
1540922053389	13
1540922053394	19
1540922053398	16
1540922053402	18
1540922053420	9
1540922053414	15
1540922053413	22
1540922053429	13
1540922053429	15
1540922053435	10
1540922053444	10
1540922053445	9
1540922053442	13
1540922053454	11
1540922053455	15
1540922053454	16
1540922053465	13
1540922053470	10
1540922053470	14
1540922053480	9
1540922053478	15
1540922053484	14
1540922053489	14
1540922053493	13
1540922053498	10
1540922053506	9
1540922053503	13
1540922053508	11
1540922053515	10
1540922053516	14
1540922053519	14
1540922053530	9
1540922053525	16
1540922053533	14
1540922053539	9
1540922053541	13
1540922053547	13
1540922053549	12
1540922053554	12
1540922053560	11
1540922053562	14
1540922053566	11
1540922053571	12
1540922053577	10
1540922053576	16
1540922053583	14
1540922053587	13
1540922053592	11
1540922053597	14
1540922053600	11
1540922053603	10
1540922053612	14
1540922053613	14
1540922053611	17
1540922053626	11
1540922053628	9
1540922053637	11
1540922053627	23
1540922053637	18
1540922053650	12
1540922053648	15
1540922053662	9
1540922053655	23
1540922053663	16
1540922053671	17
1540922053678	14
1540922053679	14
1540922053696	10
1540922053706	9
1540922053688	27
1540922053696	23
1540922053719	11
1540922053716	16
1540922053730	11
1540922053716	27
1540922053732	22
1540922053743	13
1540922053743	14
1540922053754	9
1540922053763	10
1540922053757	16
1540922053757	16
1540922053773	10
1540922053773	15
1540922053773	15
1540922053783	10
1540922053788	11
1540922053788	15
1540922053793	14
1540922053799	10
1540922053803	15
1540922053807	12
1540922053809	13
1540922053818	11
1540922053819	14
1540922053822	14
1540922053829	10
1540922053833	9
1540922053836	15
1540922053845	9
1540922053840	14
1540922053851	10
1540922053854	13
1540922053854	15
1540922053861	10
1540922053867	14
1540922053869	14
1540922053871	15
1540922053881	9
1540922053883	15
1540922053890	9
1540922053886	13
1540922053898	10
1540922053899	14
1540922053899	15
1540922053908	11
1540922053913	9
1540922053914	15
1540922053919	13
1540922053922	18
1540922053929	14
1540922053932	14
1540922053940	13
1540922053943	11
1540922053954	10
1540922053953	13
1540922053946	24
1540922053964	15
1540922053967	13
1540922053970	11
1540922053980	10
1540922053979	15
1540922053981	17
1540922053990	9
1540922053994	15
1540922053998	14
1540922053999	13
1540922054009	10
1540922054012	13
1540922054012	14
1540922054019	10
1540922054025	14
1540922054026	14
1540922054029	14
1540922054039	10
1540922054040	9
1540922054043	15
1540922054049	10
1540922054049	10
1540922054061	14
1540922054061	15
1540922054075	10
1540922054061	24
1540922054076	14
1540922054085	15
1540922054090	13
1540922054085	18
1540922054103	10
1540922054100	15
1540922054103	14
1540922054113	10
1540922054115	11
1540922054117	15
1540922054123	13
1540922054126	11
1540922054132	14
1540922054136	14
1540922054137	15
1540922054146	10
1540922054150	13
1540922054156	11
1540922054153	14
1540922054164	9
1540922054167	15
1540922054167	16
1540922054173	20
1540922054182	15
1540922054183	22
1540922054193	14
1540922054197	13
1540922054205	11
1540922054210	11
1540922054207	15
1540922054216	14
1540922054221	10
1540922054222	13
1540922054235	11
1540922054230	16
1540922054231	15
1540922054246	11
1540922054246	22
1540922054246	22
1540922054257	14
1540922054268	15
1540922054271	13
1540922054268	20
1540922054283	11
1540922054284	15
1540922054288	11
1540922054294	11
1540922054299	11
1540922054299	15
1540922054305	14
1540922054310	10
1540922054314	15
1540922054320	14
1540922054319	21
1540922054329	16
1540922054334	13
1540922054345	10
1540922054348	15
1540922054340	26
1540922054363	10
1540922054355	20
1540922054366	11
1540922054373	11
1540922054377	11
1540922054375	16
1540922054384	15
1540922054388	15
1540922054396	14
1540922054399	12
1540922054403	14
1540922054412	14
1540922054412	14
1540922054417	15
1540922054426	12
1540922054426	13
1540922054438	10
1540922054439	10
1540922054432	21
1540922054453	10
1540922054448	26
1540922054464	14
1540922054450	28
1540922054474	15
1540922054478	14
1540922054478	16
1540922054489	13
1540922054492	15
1540922054494	15
1540922054502	10
1540922054507	10
1540922054509	11
1540922054512	9
1540922054518	10
1540922054520	13
1540922054521	15
1540922054528	15
1540922054536	14
1540922054533	22
1540922054543	16
1540922054550	13
1540922054555	13
1540922054563	9
1540922054572	9
1540922054568	14
1540922054559	25
1540922054582	11
1540922054581	14
1540922054584	12
1540922054596	12
1540922054595	14
1540922054593	23
1540922054609	13
1540922054608	15
1540922054623	9
1540922054623	16
1540922054616	25
1540922054632	20
1540922054641	15
1540922054639	18
1540922054652	15
1540922054656	15
1540922054657	22
1540922054671	10
1540922054679	10
1540922054681	12
1540922054667	28
1540922054693	15
1540922054695	16
1540922054689	26
1540922054711	12
1540922054708	16
1540922054715	15
1540922054724	12
1540922054725	14
1540922054730	14
1540922054739	11
1540922054736	16
1540922054744	10
1540922054750	11
1540922054754	9
1540922054752	17
1540922054761	14
1540922054763	13
1540922054769	16
1540922054775	15
1540922054776	15
1540922054785	12
1540922054791	13
1540922054790	15
1540922054797	12
1540922054804	10
1540922054805	10
1540922054814	10
1540922054815	11
1540922054811	19
1540922054824	15
1540922054826	14
1540922054830	14
1540922054839	14
1540922054840	14
1540922054844	17
1540922054853	13
1540922054854	16
1540922054861	12
1540922054866	10
1540922054873	12
1540922054876	9
1540922054870	17
1540922054885	19
1540922054887	20
1540922054885	26
1540922054904	15
1540922054907	15
1540922054911	13
1540922054919	14
1540922054922	14
1540922054924	15
1540922054933	10
1540922054939	11
1540922054936	15
1540922054943	9
1540922054950	10
1540922054951	10
1540922054952	14
1540922054961	10
1540922054960	16
1540922054966	13
1540922054971	13
1540922054976	15
1540922054979	14
1540922054984	14
1540922054993	10
1540922054991	14
1540922055003	10
1540922054999	14
1540922055005	10
1540922055013	11
1540922055015	11
1540922055013	14
1540922055024	10
1540922055026	15
1540922055035	14
1540922055028	27
1540922055041	14
1540922055049	14
1540922055055	14
1540922055056	13
1540922055063	15
1540922055069	11
1540922055070	11
1540922055078	10
1540922055080	10
1540922055081	11
1540922055088	11
1540922055090	16
1540922055092	15
1540922055099	14
1540922055106	15
1540922055107	14
1540922055113	14
1540922055121	14
1540922055121	16
1540922055127	13
1540922055135	11
1540922055138	10
1540922055140	10
1540922055146	11
1540922055148	11
1540922055150	11
1540922055157	17
1540922055159	15
1540922055161	21
1540922055174	14
1540922055182	13
1540922055174	24
1540922055188	13
1540922055195	13
1540922055201	10
1540922055198	14
1540922055208	9
1540922055211	11
1540922055212	11
1540922055217	10
1540922055222	16
1540922055227	14
1540922055223	20
1540922055241	16
1540922055238	19
1540922055243	15
1540922055257	13
1540922055257	15
1540922055270	9
1540922055258	26
1540922055279	10
1540922055272	22
1540922055284	16
1540922055289	13
1540922055294	18
1540922055302	15
1540922055300	20
1540922055312	13
1540922055317	13
1540922055320	11
1540922055330	9
1540922055325	14
1540922055331	13
1540922055339	10
1540922055339	14
1540922055344	15
1540922055349	14
1540922055358	10
1540922055359	16
1540922055363	13
1540922055368	10
1540922055375	10
1540922055376	13
1540922055378	13
1540922055385	11
1540922055389	10
1540922055391	13
1540922055396	15
1540922055400	17
1540922055404	15
1540922055419	10
1540922055417	14
1540922055412	24
1540922055429	9
1540922055431	14
1540922055438	13
1540922055436	15
1540922055445	14
1540922055452	10
1540922055451	12
1540922055459	9
1540922055462	11
1540922055463	14
1540922055468	17
1540922055477	10
1540922055473	15
1540922055485	15
1540922055488	15
1540922055487	22
1540922055500	13
1540922055509	15
1540922055503	24
1540922055513	14
1540922055527	10
1540922055524	15
1540922055537	10
1540922055527	23
1540922055547	14
1540922055539	22
1540922055550	12
1540922055561	9
1540922055561	14
1540922055562	14
1540922055570	9
1540922055575	14
1540922055576	16
1540922055579	13
1540922055589	9
1540922055598	9
1540922055592	17
1540922055592	26
1540922055609	11
1540922055620	11
1540922055607	26
1540922055618	16
1540922055631	16
1540922055633	15
1540922055634	18
1540922055648	16
1540922055648	17
1540922055652	13
1540922055665	11
1540922055665	15
1540922055664	16
1540922055676	11
1540922055680	11
1540922055680	16
1540922055691	9
1540922055687	16
1540922055696	15
1540922055700	13
1540922055703	15
1540922055711	12
1540922055713	15
1540922055718	14
1540922055723	12
1540922055729	14
1540922055732	21
1540922055743	10
1540922055735	25
1540922055753	10
1540922055753	11
1540922055760	14
1540922055763	12
1540922055764	14
1540922055775	15
1540922055775	16
1540922055778	16
1540922055790	12
1540922055791	17
1540922055795	16
1540922055802	11
1540922055811	11
1540922055808	17
1540922055813	15
1540922055822	12
1540922055825	9
1540922055828	15
1540922055834	13
1540922055834	21
1540922055843	14
1540922055847	14
1540922055857	11
1540922055855	14
1540922055861	14
1540922055868	12
1540922055869	14
1540922055875	11
1540922055883	9
1540922055880	15
1540922055886	10
1540922055892	10
1540922055895	16
1540922055896	16
1540922055902	12
1540922055911	15
1540922055912	15
1540922055914	13
1540922055927	16
1540922055926	19
1540922055927	25
1540922055943	9
1540922055945	10
1540922055952	10
1540922055952	12
1540922055955	14
1540922055962	14
1540922055964	12
1540922055969	15
1540922055976	13
1540922055976	17
1540922055984	17
1540922055990	12
1540922055993	15
1540922056001	11
1540922056002	10
1540922056012	10
1540922056008	16
1540922056012	18
1540922056024	12
1540922056022	16
1540922056031	12
1540922056036	11
1540922056038	14
1540922056047	15
1540922056052	15
1540922056044	24
1540922056062	16
1540922056068	15
1540922056067	19
1540922056078	16
1540922056083	11
1540922056086	11
1540922056094	11
1540922056094	11
1540922056097	14
1540922056105	12
1540922056105	15
1540922056111	13
1540922056117	16
1540922056120	14
1540922056124	14
1540922056133	15
1540922056138	11
1540922056134	15
1540922056149	11
1540922056149	11
1540922056148	17
1540922056160	11
1540922056160	15
1540922056165	17
1540922056171	14
1540922056175	14
1540922056182	9
1540922056185	14
1540922056189	15
1540922056199	15
1540922056204	11
1540922056191	25
1540922056214	10
1540922056215	11
1540922056216	14
1540922056224	11
1540922056226	16
1540922056230	16
1540922056235	15
1540922056242	14
1540922056246	10
1540922056250	14
1540922056256	11
1540922056256	24
1540922056264	17
1540922056267	14
1540922056280	10
1540922056281	15
1540922056281	18
1540922056290	9
1540922056299	10
1540922056296	16
1540922056299	14
1540922056312	11
1540922056309	14
1540922056323	11
1540922056313	23
1540922056323	14
1540922056336	12
1540922056335	15
1540922056338	13
1540922056348	10
1540922056351	10
1540922056350	14
1540922056358	9
1540922056361	10
1540922056364	15
1540922056368	13
1540922056371	12
1540922056380	11
1540922056381	13
1540922056383	13
1540922056391	10
1540922056394	14
1540922056396	14
1540922056401	14
1540922056408	9
1540922056410	10
1540922056417	10
1540922056420	10
1540922056415	24
1540922056427	12
1540922056430	13
1540922056439	13
1540922056439	15
1540922056444	14
1540922056454	11
1540922056452	14
1540922056458	12
1540922056465	10
1540922056466	9
1540922056470	9
1540922056475	9
1540922056479	10
1540922056475	15
1540922056484	13
1540922056489	13
1540922056490	14
1540922056497	14
1540922056502	13
1540922056504	13
1540922056517	10
1540922056515	14
1540922056511	22
1540922056527	11
1540922056529	10
1540922056533	11
1540922056544	11
1540922056538	17
1540922056539	19
1540922056555	15
1540922056555	16
1540922056558	15
1540922056570	15
1540922056571	15
1540922056573	15
1540922056586	10
1540922056585	15
1540922056588	14
1540922056596	11
1540922056600	11
1540922056602	12
1540922056611	11
1540922056607	15
1540922056614	11
1540922056622	14
1540922056622	15
1540922056625	14
1540922056636	15
1540922056639	14
1540922056637	23
1540922056653	14
1540922056651	18
1540922056660	15
1540922056667	11
1540922056669	9
1540922056675	11
1540922056678	13
1540922056678	17
1540922056686	10
1540922056691	13
1540922056695	15
1540922056696	16
1540922056704	14
1540922056710	12
1540922056712	13
1540922056718	11
1540922056722	14
1540922056729	10
1540922056725	15
1540922056736	9
1540922056740	10
1540922056739	15
1540922056745	10
1540922056750	11
1540922056754	13
1540922056755	13
1540922056761	15
1540922056767	12
1540922056768	12
1540922056779	9
1540922056776	14
1540922056780	11
1540922056788	10
1540922056791	10
1540922056790	15
1540922056798	13
1540922056801	10
1540922056805	11
1540922056811	13
1540922056811	13
1540922056816	12
1540922056824	14
1540922056824	15
1540922056828	15
1540922056839	10
1540922056838	14
1540922056849	10
1540922056846	15
1540922056852	10
1540922056863	9
1540922056859	13
1540922056863	24
1540922056872	15
1540922056887	11
1540922056872	26
1540922056887	13
1540922056898	10
1540922056898	16
1540922056900	19
1540922056908	16
1540922056914	14
1540922056919	10
1540922056924	14
1540922056928	11
1540922056929	15
1540922056939	10
1540922056944	16
1540922056938	23
1540922056949	13
1540922056961	10
1540922056960	16
1540922056962	14
1540922056971	9
1540922056976	11
1540922056976	16
1540922056980	14
1540922056987	12
1540922056992	10
1540922056994	13
1540922056999	16
1540922057007	12
1540922057002	19
1540922057019	10
1540922057015	15
1540922057021	15
1540922057029	10
1540922057030	16
1540922057036	14
1540922057039	13
1540922057046	12
1540922057050	15
1540922057052	14
1540922057058	13
1540922057065	10
1540922057066	15
1540922057075	11
1540922057071	16
1540922057081	10
1540922057091	10
1540922057086	17
1540922057087	17
1540922057101	14
1540922057104	15
1540922057104	16
1540922057115	14
1540922057119	14
1540922057120	22
1540922057129	16
1540922057133	12
1540922057146	10
1540922057146	10
1540922057142	15
1540922057156	11
1540922057156	17
1540922057157	17
1540922057167	15
1540922057173	13
1540922057174	17
1540922057182	15
1540922057186	13
1540922057191	14
1540922057199	9
1540922057197	16
1540922057205	12
1540922057208	10
1540922057213	11
1540922057217	13
1540922057218	16
1540922057224	11
1540922057230	18
1540922057234	14
1540922057248	16
1540922057235	28
1540922057248	15
1540922057265	9
1540922057264	15
1540922057264	16
1540922057274	10
1540922057280	12
1540922057279	14
1540922057284	14
1540922057293	10
1540922057292	12
1540922057298	14
1540922057303	9
1540922057304	16
1540922057312	13
1540922057312	14
1540922057320	15
1540922057325	10
1540922057326	12
1540922057335	9
1540922057335	15
1540922057338	13
1540922057345	13
1540922057351	10
1540922057350	12
1540922057358	14
1540922057362	12
1540922057361	17
1540922057372	14
1540922057374	15
1540922057380	14
1540922057386	9
1540922057389	16
1540922057395	11
1540922057394	13
1540922057406	14
1540922057405	20
1540922057407	24
1540922057420	13
1540922057425	10
1540922057431	11
1540922057435	10
1540922057442	11
1540922057433	25
1540922057446	13
1540922057453	15
1540922057458	12
1540922057459	21
1540922057470	11
1540922057468	15
1540922057481	15
1540922057480	17
1540922057483	14
1540922057497	11
1540922057497	12
1540922057497	15
1540922057508	11
1540922057512	14
1540922057509	20
1540922057519	13
1540922057527	17
1540922057529	16
1540922057532	17
1540922057544	10
1540922057545	22
1540922057554	14
1540922057549	22
1540922057567	13
1540922057571	10
1540922057580	10
1540922057568	23
1540922057581	10
1540922057590	11
1540922057591	15
1540922057601	13
1540922057591	24
1540922057606	13
1540922057615	10
1540922057614	15
1540922057619	15
1540922057625	11
1540922057629	15
1540922057634	11
1540922057636	14
1540922057647	9
1540922057647	10
1540922057650	15
1540922057657	10
1540922057657	13
1540922057665	15
1540922057667	14
1540922057670	13
1540922057680	11
1540922057681	15
1540922057683	13
1540922057691	11
1540922057696	15
1540922057696	18
1540922057702	15
1540922057711	10
1540922057714	11
1540922057717	16
1540922057725	13
1540922057721	20
1540922057734	14
1540922057738	14
1540922057741	15
1540922057749	11
1540922057752	13
1540922057756	14
1540922057760	10
1540922057765	10
1540922057775	10
1540922057770	15
1540922057770	16
1540922057786	11
1540922057785	15
1540922057786	21
1540922057797	12
1540922057800	13
1540922057809	15
1540922057814	14
1540922057807	21
1540922057828	10
1540922057828	10
1540922057824	14
1540922057838	9
1540922057838	12
1540922057838	16
1540922057847	15
1540922057850	14
1540922057854	11
1540922057862	18
1540922057864	17
1540922057865	24
1540922057881	13
1540922057881	14
1540922057895	10
1540922057895	18
1540922057905	9
1540922057889	28
1540922057913	11
1540922057914	14
1540922057917	16
1540922057924	12
1540922057928	15
1540922057933	14
1540922057936	13
1540922057947	14
1540922057950	14
1540922057943	21
1540922057961	12
1540922057964	10
1540922057964	18
1540922057974	9
1540922057973	16
1540922057982	9
1540922057983	14
1540922057989	16
1540922057991	14
1540922057997	13
1540922058005	13
1540922058005	15
1540922058010	13
1540922058020	12
1540922058023	9
1540922058018	15
1540922058032	10
1540922058034	9
1540922058032	12
1540922058043	9
1540922058042	16
1540922058046	16
1540922058052	13
1540922058065	13
1540922058062	17
1540922058059	26
1540922058079	16
1540922058085	14
1540922058079	24
1540922058095	12
1540922058099	11
1540922058103	16
1540922058110	12
1540922058107	20
1540922058119	10
1540922058122	20
1540922058127	15
1540922058129	14
1540922058142	13
1540922058142	15
1540922058144	14
1540922058156	13
1540922058157	16
1540922058158	15
1540922058169	10
1540922058173	11
1540922058173	11
1540922058179	14
1540922058184	11
1540922058184	12
1540922058193	19
1540922058196	17
1540922058195	18
1540922058212	14
1540922058213	16
1540922058213	16
1540922058226	13
1540922058229	15
1540922058229	15
1540922058240	9
1540922058244	11
1540922058244	12
1540922058249	10
1540922058255	10
1540922058256	13
1540922058265	18
1540922058259	26
1540922058269	17
1540922058283	16
1540922058285	15
1540922058286	14
1540922058299	14
1540922058300	15
1540922058300	21
1540922058315	10
1540922058321	10
1540922058313	22
1540922058331	9
1540922058325	18
1540922058335	18
1540922058341	14
1540922058343	13
1540922058355	14
1540922058356	14
1540922058353	21
1540922058369	13
1540922058370	13
1540922058382	10
1540922058383	10
1540922058374	26
1540922058393	9
1540922058392	20
1540922058402	16
1540922058400	18
1540922058412	15
1540922058418	13
1540922058418	20
1540922058427	14
1540922058431	14
1540922058438	11
1540922058445	9
1540922058441	15
1540922058449	15
1540922058454	10
1540922058456	11
1540922058467	10
1540922058464	14
1540922058464	14
1540922058477	14
1540922058478	14
1540922058479	15
1540922058494	10
1540922058491	14
1540922058492	15
1540922058504	12
1540922058505	13
1540922058507	11
1540922058518	10
1540922058518	11
1540922058516	14
1540922058529	10
1540922058528	15
1540922058530	14
1540922058539	16
1540922058543	13
1540922058547	13
1540922058555	14
1540922058556	14
1540922058560	12
1540922058570	10
1540922058569	15
1540922058572	12
1540922058580	11
1540922058584	11
1540922058584	15
1540922058591	12
1540922058595	11
1540922058599	15
1540922058603	12
1540922058606	14
1540922058614	15
1540922058615	16
1540922058620	16
1540922058629	11
1540922058631	10
1540922058640	10
1540922058641	9
1540922058636	16
1540922058652	10
1540922058650	13
1540922058650	14
1540922058662	12
1540922058663	14
1540922058664	14
1540922058674	15
1540922058677	14
1540922058678	13
1540922058691	9
1540922058691	11
1540922058689	15
1540922058700	10
1540922058702	10
1540922058704	15
1540922058710	12
1540922058712	14
1540922058719	11
1540922058722	13
1540922058726	14
1540922058730	11
1540922058735	13
1540922058740	14
1540922058741	15
1540922058748	10
1540922058754	11
1540922058758	10
1540922058765	10
1540922058768	15
1540922058775	15
1540922058783	13
1540922058790	15
1540922058796	14
1540922058805	14
1540922058810	10
1540922058820	10
1540922058819	11
1540922058830	9
1540922058830	15
1540922058840	13
1540922058845	13
1540922058853	13
1540922058858	13
1540922058866	14
1540922058871	11
1540922058880	10
1540922058882	10
1540922058890	10
1540922058892	16
1540922058900	13
