1542869348242	976
1542869348226	1010
1542869348228	983
1542869349222	25
1542869349236	14
1542869349248	6
1542869349240	15
1542869349251	8
1542869349255	6
1542869349255	6
1542869349259	8
1542869349261	9
1542869349261	12
1542869349267	14
1542869349270	15
1542869349273	13
1542869349282	14
1542869349285	14
1542869349286	15
1542869349301	6
1542869349299	12
1542869349308	6
1542869349311	6
1542869349296	24
1542869349317	5
1542869349314	13
1542869349320	8
1542869349322	12
1542869349328	7
1542869349327	15
1542869349335	13
1542869349337	13
1542869349342	12
1542869349354	5
1542869349350	11
1542869349348	19
1542869349363	5
1542869349367	7
1542869349365	12
1542869349368	12
1542869349375	7
1542869349377	30
1542869349380	32
1542869349382	31
1542869349408	7
1542869349416	11
1542869349412	16
1542869349413	17
1542869349428	6
1542869349428	11
1542869349434	6
1542869349430	12
1542869349442	5
1542869349440	10
1542869349440	12
1542869349447	7
1542869349452	6
1542869349458	6
1542869349452	12
1542869349454	13
1542869349465	12
1542869349467	12
1542869349465	15
1542869349483	6
1542869349489	6
1542869349484	18
1542869349484	22
1542869349502	6
1542869349496	13
1542869349508	6
1542869349509	11
1542869349506	16
1542869349514	12
1542869349522	6
1542869349528	5
1542869349520	13
1542869349527	12
1542869349540	6
1542869349546	5
1542869349540	13
1542869349551	11
1542869349541	22
1542869349553	22
1542869349573	7
1542869349571	13
1542869349580	5
1542869349575	12
1542869349587	5
1542869349584	11
1542869349592	5
1542869349585	12
1542869349596	5
1542869349601	5
1542869349600	13
1542869349598	17
1542869349606	12
1542869349613	12
1542869349615	12
1542869349618	11
1542869349626	6
1542869349632	5
1542869349628	10
1542869349630	10
1542869349638	5
1542869349640	5
1542869349643	5
1542869349637	12
1542869349645	6
1542869349648	10
1542869349649	12
1542869349651	12
1542869349658	12
1542869349661	12
1542869349664	11
1542869349673	5
1542869349670	10
1542869349678	5
1542869349675	11
1542869349681	7
1542869349686	5
1542869349683	10
1542869349688	5
1542869349691	6
1542869349703	14
1542869349705	14
1542869349702	25
1542869349728	13
1542869349730	13
1542869349730	14
1542869349741	12
1542869349749	6
1542869349751	11
1542869349753	5
1542869349763	5
1542869349762	6
1542869349762	8
1542869349770	6
1542869349768	12
1542869349768	14
1542869349776	12
1542869349780	14
1542869349782	14
1542869349788	11
1542869349796	11
1542869349794	16
1542869349799	14
1542869349807	6
1542869349810	8
1542869349816	6
1542869349817	5
1542869349819	6
1542869349822	5
1542869349822	10
1542869349825	12
1542869349827	13
1542869349837	12
1542869349840	11
1542869349833	18
1542869349849	11
1542869349852	11
1542869349852	15
1542869349869	5
1542869349868	6
1542869349868	8
1542869349874	7
1542869349874	7
1542869349876	6
1542869349887	13
1542869349885	17
1542869349887	17
1542869349900	14
1542869349902	15
1542869349904	20
1542869349915	11
1542869349917	14
1542869349927	6
1542869349933	5
1542869349931	9
1542869349924	17
1542869349940	5
1542869349941	5
1542869349938	13
1542869349946	6
1542869349945	11
1542869349951	11
1542869349952	12
1542869349956	12
1542869349962	11
1542869349964	12
1542869349968	10
1542869349976	10
1542869349973	14
1542869349987	5
1542869349978	14
1542869349986	7
1542869349992	6
1542869349993	6
1542869349992	12
1542869349998	12
1542869349999	14
1542869350004	12
1542869350010	12
1542869350013	11
1542869350025	20
1542869350026	24
1542869350025	25
1542869350045	11
1542869350051	6
1542869350050	6
1542869350057	4
1542869350056	5
1542869350057	5
1542869350061	12
1542869350061	16
1542869350062	15
1542869350073	14
1542869350078	11
1542869350077	12
1542869350087	10
1542869350090	11
1542869350098	5
1542869350090	13
1542869350101	4
1542869350104	4
1542869350103	6
1542869350105	5
1542869350108	4
1542869350109	9
1542869350110	10
1542869350112	11
1542869350118	10
1542869350121	9
1542869350123	10
1542869350128	10
1542869350130	10
1542869350138	4
1542869350133	10
1542869350140	5
1542869350142	5
1542869350143	5
1542869350148	4
1542869350145	9
1542869350147	10
1542869350152	11
1542869350154	11
1542869350157	11
1542869350163	9
1542869350165	9
1542869350175	11
1542869350176	14
1542869350176	15
1542869350187	4
1542869350190	5
1542869350192	20
1542869350191	23
1542869350195	22
1542869350214	4
1542869350212	16
1542869350222	12
1542869350222	14
1542869350228	10
1542869350234	10
1542869350236	10
1542869350238	10
1542869350248	4
1542869350244	9
1542869350246	8
1542869350252	5
1542869350253	4
1542869350255	4
1542869350257	5
1542869350259	4
1542869350257	10
1542869350262	8
1542869350266	9
1542869350267	10
1542869350275	12
1542869350296	10
1542869350297	11
1542869350297	11
1542869350308	5
1542869350309	4
1542869350308	10
1542869350318	4
1542869350317	5
1542869350319	4
1542869350334	4
1542869350332	10
1542869350333	11
1542869350338	9
1542869350342	9
1542869350352	9
1542869350353	11
1542869350354	12
1542869350366	4
1542869350361	11
1542869350364	9
1542869350370	4
1542869350372	4
1542869350373	4
1542869350376	4
1542869350377	4
1542869350374	10
1542869350380	8
1542869350384	12
1542869350388	9
1542869350382	8
1542869350396	11
1542869350397	12
1542869350401	10
1542869350407	6
1542869350409	4
1542869350413	4
1542869350413	4
1542869350411	14
1542869350417	12
1542869350425	5
1542869350417	14
1542869350440	5
1542869350429	10
1542869350440	10
1542869350445	11
1542869350446	12
1542869350451	9
1542869350458	5
1542869350460	5
1542869350456	10
1542869350463	4
1542869350465	4
1542869350466	9
1542869350467	11
1542869350475	5
1542869350480	4
1542869350469	16
1542869350478	9
1542869350484	10
1542869350485	12
1542869350487	11
1542869350498	4
1542869350494	11
1542869350502	5
1542869350497	11
1542869350508	4
1542869350505	10
1542869350512	5
1542869350507	11
1542869350515	5
1542869350520	5
1542869350518	9
1542869350517	13
1542869350525	10
1542869350528	9
1542869350530	9
1542869350537	5
1542869350535	10
1542869350542	6
1542869350539	10
1542869350549	5
1542869350545	10
1542869350548	9
1542869350554	5
1542869350555	5
1542869350560	4
1542869350557	10
1542869350559	10
1542869350564	9
1542869350567	10
1542869350569	9
1542869350577	4
1542869350574	9
1542869350582	8
1542869350579	13
1542869350584	11
1542869350592	5
1542869350595	5
1542869350597	4
1542869350592	10
1542869350608	5
1542869350608	10
1542869350608	12
1542869350613	9
1542869350618	10
1542869350620	10
1542869350622	10
1542869350628	4
1542869350633	4
1542869350630	9
1542869350632	9
1542869350639	4
1542869350637	9
1542869350643	4
1542869350641	11
1542869350652	5
1542869350647	10
1542869350646	17
1542869350657	11
1542869350657	13
1542869350663	9
1542869350672	5
1542869350668	9
1542869350670	9
1542869350677	5
1542869350677	6
1542869350683	3
1542869350679	11
1542869350682	10
1542869350690	4
1542869350686	10
1542869350692	10
1542869350704	5
1542869350704	13
1542869350704	14
1542869350709	12
1542869350717	5
1542869350722	4
1542869350718	9
1542869350721	9
1542869350727	4
1542869350731	4
1542869350726	10
1542869350730	8
1542869350738	5
1542869350736	8
1542869350736	11
1542869350744	4
1542869350744	9
1542869350747	9
1542869350748	10
1542869350756	5
1542869350753	9
1542869350761	4
1542869350762	4
1542869350758	11
1542869350766	4
1542869350765	9
1542869350769	9
1542869350770	10
1542869350778	4
1542869350774	9
1542869350782	4
1542869350780	9
1542869350783	10
1542869350786	9
1542869350789	9
1542869350793	5
1542869350798	3
1542869350798	4
1542869350795	10
1542869350802	4
1542869350802	10
1542869350805	9
1542869350806	10
1542869350814	4
1542869350812	10
1542869350818	4
1542869350816	8
1542869350822	10
1542869350825	9
1542869350822	13
1542869350832	4
1542869350834	4
1542869350836	4
1542869350838	3
1542869350835	8
1542869350840	9
1542869350841	10
1542869350849	17
1542869350843	24
1542869350867	5
1542869350866	9
1542869350872	4
1542869350851	26
1542869350876	4
1542869350880	4
1542869350876	9
1542869350878	9
1542869350887	4
1542869350884	9
1542869350885	10
1542869350891	4
1542869350895	9
1542869350895	12
1542869350896	11
1542869350907	4
1542869350904	9
1542869350911	4
1542869350907	9
1542869350913	4
1542869350917	4
1542869350915	8
1542869350916	10
1542869350921	8
1542869350926	4
1542869350923	9
1542869350930	5
1542869350929	8
1542869350932	9
1542869350935	9
1542869350941	4
1542869350937	8
1542869350945	5
1542869350945	5
1542869350944	8
1542869350950	4
1542869350950	9
1542869350952	9
1542869350954	8
1542869350961	5
1542869350959	8
1542869350966	4
1542869350962	11
1542869350967	10
1542869350970	9
1542869350977	5
1542869350974	9
1542869350982	4
1542869350979	9
1542869350983	6
1542869350989	5
1542869350986	9
1542869350988	9
1542869350998	5
1542869350994	10
1542869350995	10
1542869351003	5
1542869351004	9
1542869351005	9
1542869351008	12
1542869351013	9
1542869351028	6
1542869351028	7
1542869351028	9
1542869351034	6
1542869351044	5
1542869351044	11
1542869351044	13
1542869351055	4
1542869351049	10
1542869351057	12
1542869351066	6
1542869351066	11
1542869351069	11
1542869351080	6
1542869351072	19
1542869351086	6
1542869351077	18
1542869351091	10
1542869351104	5
1542869351109	6
1542869351104	11
1542869351104	12
1542869351116	5
1542869351115	10
1542869351121	6
1542869351115	13
1542869351125	10
1542869351127	11
1542869351128	11
1542869351139	5
1542869351135	12
1542869351138	10
1542869351144	4
1542869351147	4
1542869351151	4
1542869351148	9
1542869351148	11
1542869351155	8
1542869351159	6
1542869351165	4
1542869351157	13
1542869351163	9
1542869351169	10
1542869351172	9
1542869351170	12
1542869351181	4
1542869351182	4
1542869351179	10
1542869351186	5
1542869351186	5
1542869351189	9
1542869351191	9
1542869351191	11
1542869351198	5
1542869351203	5
1542869351201	9
1542869351202	10
1542869351208	9
1542869351210	10
1542869351212	9
1542869351220	4
1542869351221	4
1542869351217	9
1542869351224	4
1542869351225	4
1542869351226	8
1542869351228	8
1542869351229	9
1542869351234	4
1542869351238	5
1542869351236	8
1542869351238	8
1542869351243	8
1542869351245	8
1542869351246	10
1542869351253	5
1542869351256	4
1542869351251	10
1542869351258	4
1542869351260	4
1542869351261	10
1542869351262	11
1542869351271	5
1542869351264	12
1542869351276	4
1542869351273	9
1542869351276	10
1542869351280	9
1542869351282	9
1542869351286	7
1542869351292	3
1542869351293	4
1542869351289	8
1542869351296	3
1542869351297	4
1542869351297	9
1542869351299	9
1542869351301	9
1542869351306	4
1542869351310	5
1542869351308	9
1542869351310	9
1542869351319	11
1542869351321	11
1542869351320	13
1542869351332	5
1542869351333	5
1542869351331	11
1542869351337	10
1542869351338	10
1542869351342	9
1542869351347	9
1542869351352	5
1542869351348	10
1542869351356	10
1542869351357	10
1542869351358	10
1542869351367	11
1542869351366	15
1542869351381	4
1542869351368	12
1542869351380	9
1542869351385	5
1542869351385	6
1542869351390	4
1542869351389	11
1542869351391	11
1542869351394	10
1542869351400	6
1542869351406	4
1542869351402	10
1542869351404	10
1542869351410	8
1542869351412	8
1542869351414	8
1542869351420	4
1542869351422	5
1542869351419	9
1542869351424	4
1542869351427	4
1542869351428	8
1542869351428	10
1542869351431	9
1542869351436	5
1542869351438	9
1542869351448	4
1542869351447	9
1542869351449	9
1542869351452	10
1542869351463	5
1542869351468	9
1542869351462	16
1542869351463	16
1542869351478	5
1542869351477	11
1542869351483	6
1542869351479	11
1542869351490	4
1542869351488	9
1542869351494	4
1542869351489	10
1542869351497	9
1542869351499	10
1542869351499	11
1542869351506	5
1542869351511	4
1542869351509	9
1542869351510	10
1542869351519	4
1542869351523	5
1542869351518	11
1542869351520	13
1542869351533	4
1542869351528	10
1542869351529	10
1542869351537	5
1542869351539	8
1542869351538	12
1542869351542	10
1542869351547	5
1542869351550	8
1542869351560	6
1542869351560	6
1542869351560	10
1542869351566	5
1542869351566	9
1542869351570	8
1542869351571	10
1542869351578	4
1542869351575	9
1542869351582	5
1542869351581	7
1542869351584	8
1542869351587	8
1542869351589	8
1542869351592	5
1542869351597	4
1542869351597	4
1542869351595	7
1542869351608	4
1542869351608	9
1542869351609	10
1542869351612	9
1542869351619	4
1542869351617	8
1542869351623	5
1542869351621	8
1542869351625	9
1542869351628	7
1542869351629	8
1542869351634	4
1542869351644	5
1542869351644	6
1542869351644	8
1542869351650	3
1542869351649	8
1542869351660	11
1542869351660	12
1542869351660	12
1542869351673	5
1542869351672	9
1542869351673	10
1542869351688	5
1542869351688	6
1542869351688	10
1542869351694	4
1542869351693	9
1542869351698	4
1542869351698	9
1542869351702	5
1542869351702	9
1542869351707	8
1542869351707	10
1542869351711	9
1542869351720	5
1542869351715	11
1542869351717	11
1542869351725	5
1542869351726	4
1542869351730	4
1542869351728	9
1542869351730	11
1542869351737	5
1542869351734	9
1542869351741	9
1542869351742	9
1542869351743	9
1542869351751	9
1542869351751	10
1542869351752	10
1542869351762	3
1542869351762	4
1542869351760	10
1542869351766	4
1542869351766	4
1542869351770	21
1542869351770	22
1542869351770	24
1542869351791	11
1542869351800	5
1542869351800	9
1542869351805	4
1542869351802	9
1542869351817	4
1542869351821	4
1542869351816	9
1542869351816	11
1542869351825	5
1542869351830	4
1542869351825	10
1542869351827	10
1542869351834	8
1542869351835	9
1542869351837	9
1542869351842	8
1542869351846	5
1542869351844	8
1542869351851	4
1542869351852	4
1542869351850	9
1542869351856	4
1542869351855	8
1542869351860	4
1542869351864	4
1542869351860	9
1542869351863	9
1542869351868	9
1542869351869	10
1542869351872	9
1542869351881	4
1542869351877	9
1542869351885	4
1542869351879	10
1542869351890	4
1542869351886	10
1542869351889	8
1542869351894	4
1542869351896	4
1542869351900	4
1542869351897	9
1542869351898	10
1542869351904	8
1542869351906	8
1542869351908	9
1542869351914	4
1542869351912	8
1542869351918	4
1542869351917	9
1542869351920	8
1542869351922	8
1542869351926	6
1542869351928	5
1542869351932	4
1542869351933	3
1542869351930	9
1542869351936	8
1542869351936	10
1542869351939	9
1542869351948	4
1542869351944	8
1542869351946	8
1542869351952	5
1542869351952	13
1542869351954	12
1542869351957	9
1542869351965	5
1542869351966	4
1542869351970	4
1542869351970	5
1542869351966	9
1542869351974	9
1542869351975	11
1542869351975	11
1542869351986	4
1542869351984	9
1542869351990	4
1542869351986	9
1542869351993	9
1542869351995	10
1542869351996	10
1542869352002	6
1542869352006	4
1542869352008	4
1542869352010	4
1542869352005	10
1542869352012	9
1542869352014	9
1542869352015	10
1542869352025	4
1542869352021	9
1542869352023	9
1542869352029	4
1542869352030	8
1542869352032	9
1542869352033	10
1542869352038	5
1542869352041	3
1542869352043	4
1542869352044	4
1542869352043	9
1542869352047	11
1542869352048	11
1542869352052	10
1542869352058	9
1542869352059	16
1542869352062	5
1542869352078	4
1542869352075	10
1542869352067	21
1542869352085	4
1542869352082	9
1542869352088	4
1542869352092	3
1542869352089	7
1542869352091	8
1542869352095	9
1542869352096	10
1542869352099	10
1542869352109	4
1542869352104	10
1542869352106	11
1542869352113	5
1542869352114	9
1542869352124	8
1542869352124	11
1542869352124	12
1542869352132	5
1542869352135	5
1542869352136	9
1542869352138	8
1542869352146	6
1542869352147	9
1542869352147	11
1542869352152	9
1542869352158	4
1542869352156	8
1542869352162	4
1542869352164	5
1542869352161	9
1542869352169	4
1542869352166	8
1542869352170	8
1542869352173	8
1542869352174	9
1542869352188	7
1542869352188	9
1542869352188	10
1542869352195	4
1542869352198	4
1542869352202	4
1542869352198	10
1542869352199	12
1542869352208	4
1542869352206	8
1542869352212	5
1542869352211	7
1542869352214	9
1542869352217	8
1542869352218	9
1542869352223	7
1542869352227	4
1542869352225	8
1542869352231	4
1542869352231	5
1542869352235	5
1542869352233	9
1542869352236	8
1542869352242	4
1542869352240	9
1542869352246	4
1542869352244	8
1542869352249	8
1542869352250	9
1542869352252	9
1542869352257	8
1542869352259	9
1542869352261	9
1542869352265	6
1542869352270	4
1542869352271	4
1542869352268	9
1542869352277	4
1542869352274	8
1542869352275	9
1542869352281	4
1542869352282	9
1542869352284	9
1542869352285	10
1542869352291	9
1542869352293	9
1542869352295	9
1542869352300	5
1542869352302	4
1542869352306	4
1542869352305	5
1542869352304	9
1542869352313	5
1542869352310	9
1542869352310	10
1542869352318	4
1542869352319	10
1542869352322	9
1542869352320	11
1542869352329	10
1542869352331	10
1542869352331	10
1542869352339	5
1542869352344	4
1542869352341	10
1542869352351	4
1542869352348	9
1542869352355	4
1542869352357	9
1542869352359	9
1542869352341	28
1542869352366	9
1542869352368	9
1542869352369	11
1542869352375	5
1542869352380	6
1542869352378	13
1542869352380	13
1542869352386	9
1542869352391	5
1542869352396	4
1542869352393	10
1542869352395	11
1542869352400	9
1542869352403	10
1542869352406	10
1542869352413	5
1542869352409	10
1542869352416	4
1542869352418	5
1542869352420	5
1542869352419	8
1542869352423	8
1542869352427	4
1542869352425	9
1542869352431	10
1542869352434	8
1542869352431	4
1542869352441	9
1542869352444	8
1542869352442	10
1542869352450	10
1542869352452	8
1542869352452	10
1542869352460	5
1542869352460	5
1542869352462	9
1542869352465	8
1542869352465	10
1542869352476	6
1542869352482	5
1542869352476	11
1542869352477	12
1542869352487	9
1542869352488	9
1542869352489	9
1542869352497	5
1542869352498	5
1542869352496	9
1542869352502	4
1542869352503	5
1542869352506	9
1542869352509	8
1542869352506	12
1542869352518	4
1542869352515	9
1542869352522	5
1542869352517	10
1542869352525	9
1542869352527	10
1542869352534	4
1542869352527	12
1542869352538	4
1542869352539	4
1542869352537	9
1542869352543	4
1542869352542	8
1542869352546	8
1542869352556	9
1542869352556	12
1542869352556	13
1542869352569	4
1542869352565	9
1542869352568	7
1542869352574	5
1542869352573	8
1542869352579	4
1542869352575	8
1542869352583	6
1542869352581	9
1542869352583	8
1542869352589	5
1542869352590	9
1542869352591	10
1542869352599	4
1542869352594	10
1542869352603	4
1542869352601	9
1542869352604	9
1542869352610	4
1542869352607	8
1542869352614	5
1542869352613	9
1542869352615	9
1542869352619	9
1542869352628	10
1542869352639	4
1542869352643	5
1542869352628	41
1542869352660	10
1542869352629	45
1542869352669	5
1542869352670	9
1542869352674	9
1542869352674	12
1542869352679	10
1542869352686	5
1542869352683	9
1542869352689	3
1542869352691	5
1542869352692	5
1542869352692	9
1542869352696	9
1542869352701	5
1542869352697	10
1542869352705	9
1542869352706	9
1542869352714	11
1542869352716	12
1542869352728	6
1542869352707	31
1542869352734	5
1542869352728	13
1542869352738	11
1542869352739	12
1542869352741	11
1542869352749	5
1542869352752	4
1542869352754	5
1542869352756	5
1542869352751	10
1542869352759	9
1542869352761	9
1542869352761	11
1542869352772	5
1542869352768	9
1542869352771	7
1542869352777	4
1542869352777	10
1542869352778	11
1542869352787	4
1542869352781	11
1542869352789	4
1542869352791	4
1542869352794	4
1542869352792	9
1542869352795	8
1542869352798	8
1542869352801	8
1542869352803	8
1542869352806	9
1542869352816	6
1542869352816	9
1542869352822	4
1542869352816	11
1542869352825	5
1542869352827	4
1542869352830	4
1542869352826	9
1542869352831	4
1542869352834	11
1542869352835	12
1542869352835	13
1542869352845	9
1542869352847	10
1542869352848	11
1542869352857	4
1542869352854	10
1542869352861	5
1542869352859	9
1542869352864	4
1542869352868	5
1542869352868	5
1542869352866	8
1542869352873	4
1542869352873	8
1542869352874	9
1542869352877	8
1542869352881	9
1542869352883	10
1542869352893	5
1542869352890	11
1542869352898	4
1542869352891	12
1542869352903	5
1542869352901	9
1542869352908	5
1542869352902	11
1542869352910	5
1542869352915	4
1542869352913	9
1542869352913	11
1542869352919	8
1542869352922	10
1542869352924	9
1542869352927	8
1542869352934	4
1542869352932	9
1542869352938	5
1542869352935	9
1542869352941	5
1542869352946	6
1542869352943	9
1542869352953	8
1542869352946	15
1542869352952	16
1542869352961	10
1542869352962	12
1542869352971	5
1542869352968	10
1542869352976	4
1542869352974	11
1542869352978	9
1542869352980	10
1542869352987	5
1542869352985	10
1542869352992	4
1542869352990	9
1542869352995	9
1542869352996	10
1542869353004	4
1542869352999	10
1542869353008	4
1542869353009	5
1542869353006	11
1542869353012	9
1542869353014	7
1542869353017	10
1542869353021	9
1542869353021	11
1542869353028	4
1542869353033	4
1542869353031	9
1542869353032	11
1542869353037	8
1542869353043	4
1542869353041	8
1542869353047	5
1542869353049	5
1542869353046	8
1542869353054	4
1542869353052	9
1542869353054	9
1542869353058	10
1542869353063	5
1542869353061	8
1542869353068	4
1542869353068	9
1542869353070	8
1542869353072	8
1542869353079	5
1542869353077	8
1542869353084	3
1542869353085	4
1542869353081	8
1542869353089	4
1542869353088	9
1542869353089	11
1542869353093	9
1542869353100	4
1542869353097	9
1542869353104	4
1542869353102	9
1542869353106	9
1542869353108	17
1542869353115	10
1542869353111	17
1542869353125	5
1542869353128	4
1542869353125	11
1542869353132	5
1542869353130	9
1542869353136	9
1542869353139	10
1542869353145	4
1542869353138	12
1542869353149	5
1542869353150	8
1542869353149	12
1542869353154	9
1542869353161	4
1542869353158	9
1542869353165	5
1542869353167	4
1542869353163	9
1542869353171	4
1542869353170	10
1542869353180	10
1542869353177	15
1542869353177	16
1542869353193	4
1542869353190	9
1542869353192	9
1542869353197	5
1542869353199	6
1542869353205	4
1542869353202	9
1542869353201	12
1542869353213	4
1542869353209	10
1542869353211	10
1542869353217	5
1542869353219	8
1542869353221	8
1542869353222	11
1542869353229	5
1542869353227	8
1542869353234	4
1542869353235	5
1542869353233	8
1542869353240	4
1542869353238	8
1542869353241	14
1542869353244	11
1542869353255	4
1542869353255	9
1542869353259	5
1542869353246	20
1542869353264	12
1542869353264	13
1542869353268	10
1542869353277	4
1542869353278	4
1542869353276	9
1542869353282	4
1542869353281	5
1542869353285	9
1542869353286	9
1542869353286	10
1542869353294	4
1542869353298	4
1542869353296	9
1542869353296	11
1542869353302	9
1542869353305	8
1542869353307	8
1542869353313	4
1542869353316	4
1542869353311	9
1542869353317	4
1542869353320	3
1542869353320	9
1542869353321	10
1542869353323	9
1542869353329	4
1542869353333	4
1542869353331	8
1542869353332	9
1542869353337	8
1542869353339	9
1542869353341	10
1542869353348	5
1542869353345	9
1542869353351	4
1542869353353	3
1542869353355	4
1542869353354	8
1542869353356	8
1542869353362	4
1542869353359	8
1542869353366	5
1542869353364	8
1542869353367	11
1542869353372	10
1542869353371	13
1542869353382	4
1542869353378	10
1542869353386	4
1542869353388	4
1542869353384	8
1542869353390	9
1542869353392	8
1542869353399	8
1542869353400	9
1542869353407	9
1542869353410	8
1542869353416	4
1542869353420	3
1542869353392	32
1542869353418	8
1542869353424	4
1542869353426	4
1542869353424	7
1542869353428	4
1542869353430	4
1542869353431	9
1542869353432	10
1542869353434	10
1542869353440	8
1542869353442	7
1542869353448	4
1542869353445	10
1542869353452	4
1542869353449	11
1542869353455	9
1542869353460	4
1542869353456	10
1542869353464	4
1542869353464	5
1542869353468	4
1542869353466	8
1542869353469	8
1542869353472	7
1542869353474	8
1542869353477	9
1542869353482	5
1542869353479	9
1542869353487	4
1542869353486	14
1542869353500	4
1542869353494	11
1542869353504	4
1542869353505	4
1542869353509	4
1542869353495	19
1542869353508	8
1542869353514	9
1542869353513	11
1542869353516	9
1542869353523	9
1542869353525	10
1542869353524	11
1542869353532	4
1542869353535	4
1542869353536	4
1542869353539	5
1542869353535	9
1542869353544	4
1542869353540	9
1542869353548	5
1542869353544	9
1542869353549	8
1542869353553	9
1542869353553	11
1542869353557	8
1542869353565	5
1542869353562	8
1542869353564	9
1542869353570	4
1542869353570	5
1542869353574	4
1542869353573	9
1542869353575	10
1542869353582	4
1542869353578	9
1542869353586	5
1542869353585	9
1542869353587	10
1542869353591	8
1542869353600	21
1542869353600	21
1542869353600	21
1542869353621	4
1542869353621	4
1542869353625	4
1542869353625	4
1542869353621	9
1542869353630	4
1542869353634	3
1542869353629	9
1542869353629	11
1542869353637	9
1542869353638	10
1542869353640	8
1542869353646	10
1542869353648	10
1542869353648	12
1542869353664	8
1542869353664	8
1542869353664	12
1542869353672	4
1542869353672	5
1542869353676	5
1542869353681	4
1542869353677	8
1542869353677	9
1542869353686	9
1542869353686	12
1542869353685	13
1542869353695	10
1542869353698	9
1542869353698	9
1542869353705	5
1542869353707	4
1542869353710	4
1542869353711	4
1542869353707	9
1542869353716	3
1542869353714	10
1542869353715	11
1542869353728	5
1542869353728	10
1542869353728	13
1542869353733	9
1542869353738	10
1542869353741	11
1542869353748	5
1542869353742	12
1542869353752	4
1542869353753	4
1542869353756	4
1542869353754	9
1542869353757	9
1542869353763	5
1542869353760	9
1542869353768	3
1542869353766	8
1542869353769	7
1542869353771	7
1542869353774	10
1542869353776	11
1542869353778	10
1542869353784	4
1542869353787	5
1542869353788	4
1542869353788	8
1542869353792	5
1542869353792	9
1542869353796	5
1542869353797	9
1542869353801	5
1542869353801	9
1542869353806	10
1542869353806	13
1542869353810	12
1542869353816	10
1542869353823	4
1542869353819	10
1542869353827	4
1542869353827	5
1542869353832	5
1542869353829	10
1542869353831	10
1542869353839	4
1542869353837	9
1542869353843	4
1542869353842	8
1542869353846	8
1542869353847	10
1542869353856	11
1542869353856	13
1542869353857	12
1542869353867	5
1542869353869	5
1542869353872	4
1542869353874	3
1542869353869	10
1542869353879	4
1542869353876	9
1542869353877	10
1542869353883	5
1542869353885	11
1542869353887	12
1542869353888	12
1542869353897	8
1542869353899	9
1542869353900	10
1542869353906	4
1542869353908	4
1542869353910	4
1542869353912	4
1542869353910	8
1542869353914	9
1542869353918	5
1542869353916	9
1542869353923	5
1542869353923	9
1542869353925	9
1542869353928	8
1542869353932	9
1542869353934	9
1542869353941	3
1542869353936	11
1542869353943	5
1542869353945	3
1542869353948	4
1542869353947	9
1542869353948	17
1542869353952	13
1542869353956	9
1542869353966	4
1542869353965	10
1542869353965	12
1542869353970	9
1542869353975	9
1542869353977	9
1542869353984	4
1542869353979	9
1542869353986	5
1542869353988	5
1542869353991	4
1542869353993	13
1542869353988	18
1542869354006	4
1542869353995	18
1542869354006	9
1542869354010	6
1542869354013	11
1542869354016	10
1542869354015	11
1542869354026	4
1542869354026	8
1542869354031	4
1542869354024	13
1542869354038	10
1542869354048	10
1542869354058	10
1542869354072	5
1542869354042	42
1542869354079	5
1542869354084	3
1542869354037	53
1542869354084	9
1542869354090	3
1542869354087	8
1542869354093	5
1542869354093	8
1542869354095	8
1542869354098	7
1542869354101	9
1542869354110	4
1542869354104	10
1542869354105	11
1542869354114	3
1542869354114	4
1542869354118	4
1542869354116	9
1542869354117	10
1542869354126	4
1542869354122	9
1542869354130	4
1542869354127	10
1542869354131	9
1542869354134	10
1542869354137	8
1542869354140	9
1542869354145	4
1542869354144	9
1542869354149	4
1542869354149	4
1542869354153	5
1542869354153	9
1542869354162	4
1542869354158	9
1542869354153	19
1542869354167	8
1542869354172	11
1542869354175	10
1542869354186	4
1542869354190	4
1542869354183	10
1542869354166	31
1542869354194	5
1542869354199	3
1542869354194	10
1542869354197	10
1542869354212	11
1542869354213	17
1542869354212	23
1542869354230	9
1542869354224	16
1542869354240	4
1542869354235	9
1542869354239	5
1542869354252	8
1542869354260	5
1542869354260	11
1542869354260	13
1542869354271	4
1542869354265	10
1542869354283	5
1542869354283	9
1542869354283	12
1542869354288	9
1542869354292	9
1542869354295	8
1542869354301	4
1542869354297	9
1542869354303	4
1542869354305	3
1542869354307	6
1542869354307	10
1542869354308	11
1542869354317	4
1542869354313	9
1542869354321	5
1542869354319	9
1542869354322	10
1542869354337	23
1542869354360	20
1542869354388	5
1542869354332	66
1542869354332	68
1542869354393	10
1542869354400	5
1542869354398	10
1542869354405	4
1542869354403	9
1542869354408	9
1542869354409	12
1542869354417	5
1542869354412	11
1542869354422	5
1542869354423	4
1542869354421	8
1542869354429	10
1542869354430	9
1542869354430	13
1542869354439	8
1542869354443	5
1542869354439	10
1542869354448	4
1542869354447	11
1542869354449	11
1542869354452	10
1542869354458	4
1542869354462	4
1542869354460	8
1542869354462	8
1542869354468	3
1542869354466	9
1542869354471	5
1542869354470	7
1542869354477	3
1542869354475	9
1542869354481	4
1542869354476	10
1542869354484	10
1542869354485	12
1542869354494	4
1542869354486	13
1542869354498	4
1542869354497	8
1542869354499	9
1542869354508	3
1542869354502	10
1542869354505	9
1542869354511	5
1542869354514	3
1542869354512	8
1542869354518	4
1542869354516	8
1542869354520	9
1542869354522	9
1542869354524	9
1542869354529	4
1542869354533	4
1542869354531	9
1542869354533	9
1542869354537	8
1542869354542	4
1542869354540	7
1542869354546	3
1542869354547	4
1542869354545	10
1542869354551	5
1542869354549	8
1542869354555	9
1542869354556	10
1542869354558	11
1542869354564	5
1542869354569	4
1542869354567	8
1542869354569	9
1542869354573	8
1542869354578	3
1542869354575	9
1542869354582	4
1542869354585	3
1542869354581	9
1542869354588	4
1542869354586	10
1542869354590	9
1542869354592	9
1542869354599	4
1542869354597	8
1542869354603	4
1542869354601	10
1542869354606	10
1542869354607	12
1542869354616	5
1542869354611	10
1542869354621	4
1542869354621	4
1542869354619	10
1542869354625	5
1542869354625	11
1542869354629	12
1542869354630	14
1542869354641	4
1542869354636	11
1542869354645	4
1542869354644	10
1542869354648	8
1542869354649	11
1542869354656	4
1542869354654	10
1542869354660	5
1542869354664	5
1542869354660	9
1542869354665	7
1542869354669	4
1542869354669	9
1542869354672	9
1542869354678	4
1542869354673	10
1542869354682	4
1542869354681	11
1542869354686	12
1542869354683	12
1542869354692	12
1542869354704	4
1542869354700	11
1542869354700	15
1542869354711	4
1542869354708	9
1542869354716	3
1542869354715	9
1542869354718	9
1542869354719	10
1542869354724	6
1542869354730	3
1542869354727	10
1542869354729	11
1542869354737	5
1542869354733	9
1542869354740	12
1542869354742	14
1542869354742	23
1542869354764	5
1542869354769	4
1542869354764	10
1542869354765	12
1542869354780	6
1542869354786	4
1542869354780	11
1542869354780	13
1542869354792	9
1542869354793	11
1542869354791	13
1542869354808	5
1542869354813	5
1542869354808	11
1542869354808	15
1542869354819	4
1542869354823	5
1542869354818	10
1542869354823	9
1542869354832	4
1542869354828	9
1542869354836	6
1542869354828	14
1542869354837	11
1542869354842	10
1542869354848	5
1542869354842	13
1542869354853	4
1542869354852	9
1542869354855	9
1542869354857	9
1542869354861	6
1542869354867	5
1542869354864	9
1542869354866	10
1542869354873	4
1542869354872	9
1542869354877	4
1542869354876	9
1542869354885	4
1542869354881	9
1542869354881	11
1542869354890	4
1542869354890	11
1542869354892	11
1542869354901	4
1542869354894	12
1542869354905	4
1542869354903	10
1542869354906	10
1542869354913	5
1542869354909	10
1542869354918	4
1542869354916	8
1542869354919	9
1542869354924	4
1542869354922	8
1542869354929	4
1542869354928	9
1542869354930	10
1542869354937	4
1542869354933	9
1542869354941	4
1542869354940	8
1542869354942	8
1542869354948	4
1542869354945	9
1542869354952	4
1542869354951	9
1542869354954	10
1542869354960	4
1542869354956	10
1542869354964	4
1542869354964	9
1542869354966	10
1542869354973	4
1542869354968	10
1542869354977	5
1542869354976	8
1542869354978	10
1542869354984	5
1542869354982	8
1542869354989	4
1542869354988	9
1542869354990	10
1542869354997	4
1542869354993	10
1542869355013	17
1542869355030	14
1542869355044	5
1542869355049	7
1542869355012	52
1542869355012	52
1542869355056	10
1542869355064	5
1542869355069	4
1542869355064	10
1542869355067	10
1542869355073	10
1542869355074	11
1542869355077	10
1542869355087	4
1542869355083	10
1542869355085	11
1542869355091	6
1542869355096	4
1542869355093	11
1542869355101	5
1542869355104	4
1542869355097	12
1542869355108	4
1542869355106	12
1542869355109	11
1542869355112	11
1542869355118	10
1542869355120	11
1542869355123	10
1542869355131	4
1542869355128	11
1542869355135	4
1542869355133	9
1542869355139	4
1542869355143	3
1542869355142	5
1542869355139	10
1542869355147	5
1542869355146	11
1542869355149	13
1542869355152	12
1542869355157	10
1542869355162	10
1542869355164	10
1542869355167	9
1542869355172	4
1542869355176	4
1542869355176	5
1542869355174	10
1542869355180	4
1542869355184	4
1542869355181	9
1542869355188	3
1542869355184	10
1542869355190	9
1542869355192	10
1542869355194	11
1542869355206	9
1542869355205	13
1542869355205	13
1542869355228	5
1542869355228	5
1542869355233	5
1542869355233	5
1542869355228	10
1542869355238	5
1542869355243	3
1542869355238	10
1542869355238	13
1542869355246	9
1542869355248	9
1542869355251	9
1542869355255	9
1542869355257	9
1542869355260	9
1542869355266	3
1542869355264	8
1542869355269	4
1542869355269	5
1542869355274	4
1542869355274	4
1542869355278	3
1542869355274	9
1542869355278	9
1542869355285	9
1542869355284	12
1542869355287	10
1542869355294	8
1542869355296	9
1542869355297	10
1542869355307	4
1542869355307	5
1542869355311	4
1542869355312	4
1542869355307	9
1542869355316	4
1542869355315	8
1542869355320	4
1542869355316	9
1542869355323	10
1542869355324	11
1542869355325	10
1542869355344	10
1542869355344	12
1542869355344	12
1542869355354	4
1542869355356	4
1542869355358	4
1542869355356	10
1542869355366	5
1542869355366	5
1542869355366	11
1542869355377	4
1542869355377	9
1542869355377	12
1542869355381	10
1542869355389	10
1542869355389	13
1542869355391	11
1542869355412	5
1542869355417	4
1542869355412	10
1542869355412	13
1542869355432	5
1542869355432	5
1542869355437	4
1542869355437	4
1542869355432	11
1542869355441	9
1542869355441	11
1542869355443	9
1542869355450	8
1542869355452	9
1542869355452	11
1542869355458	9
1542869355468	4
1542869355468	4
1542869355472	4
1542869355472	4
1542869355468	9
1542869355477	4
1542869355476	9
1542869355481	4
1542869355477	10
1542869355485	8
1542869355485	11
1542869355487	11
1542869355493	9
1542869355496	9
1542869355502	5
1542869355498	9
1542869355507	5
1542869355507	6
1542869355505	10
1542869355513	4
1542869355515	5
1542869355512	10
1542869355520	4
1542869355517	10
1542869355522	10
1542869355524	10
1542869355527	10
1542869355532	10
1542869355534	10
1542869355542	4
1542869355537	9
1542869355546	4
1542869355546	4
1542869355544	9
1542869355550	4
1542869355553	4
1542869355550	9
1542869355557	3
1542869355554	9
1542869355559	8
1542869355560	9
1542869355563	8
1542869355567	9
1542869355569	10
1542869355577	3
1542869355571	10
1542869355581	4
1542869355580	5
1542869355579	9
1542869355585	4
1542869355588	4
1542869355585	8
1542869355592	3
1542869355589	8
1542869355593	9
1542869355596	8
1542869355597	16
1542869355602	11
1542869355604	11
1542869355613	5
1542869355618	4
1542869355613	10
1542869355615	11
1542869355623	5
1542869355626	4
1542869355628	4
1542869355622	10
1542869355630	3
1542869355632	9
1542869355633	10
1542869355632	11
1542869355641	8
1542869355643	8
1542869355649	4
1542869355643	10
1542869355653	4
1542869355651	9
1542869355653	9
1542869355660	4
1542869355657	9
1542869355662	4
1542869355664	5
1542869355666	3
1542869355666	8
1542869355669	8
1542869355669	15
1542869355677	9
1542869355674	12
1542869355686	4
1542869355684	8
1542869355686	13
1542869355690	9
1542869355699	5
1542869355704	4
1542869355699	9
1542869355692	18
1542869355710	3
1542869355708	8
1542869355714	3
1542869355708	10
1542869355716	8
1542869355717	10
1542869355724	4
1542869355718	11
1542869355728	4
1542869355727	8
1542869355729	8
1542869355732	8
1542869355737	4
1542869355735	7
1542869355741	4
1542869355742	3
1542869355740	9
1542869355746	5
1542869355745	9
1542869355749	7
1542869355751	7
1542869355756	4
1542869355760	4
1542869355754	10
1542869355758	8
1542869355764	9
1542869355764	11
1542869355766	10
1542869355775	5
1542869355776	4
1542869355773	9
1542869355780	4
1542869355780	5
1542869355782	10
1542869355785	9
1542869355785	11
1542869355792	5
1542869355797	4
1542869355794	10
1542869355796	11
1542869355801	8
1542869355804	10
1542869355807	10
1542869355814	5
1542869355809	11
1542869355817	5
1542869355819	5
1542869355822	5
1542869355820	9
1542869355824	10
1542869355829	6
1542869355827	10
1542869355835	4
1542869355834	11
1542869355837	13
1542869355839	13
1542869355845	9
1542869355854	5
1542869355850	9
1542869355853	9
1542869355859	3
1542869355859	4
1542869355863	4
1542869355862	10
1542869355862	12
1542869355872	4
1542869355867	10
1542869355876	4
1542869355874	10
1542869355877	10
1542869355880	11
1542869355884	10
1542869355888	8
1542869355894	4
1542869355896	5
1542869355891	10
1542869355898	3
1542869355901	4
1542869355901	10
1542869355901	12
1542869355911	4
1542869355905	10
1542869355915	5
1542869355913	9
1542869355915	10
1542869355920	9
1542869355922	10
1542869355925	9
1542869355932	4
1542869355934	4
1542869355930	8
1542869355936	4
1542869355938	3
1542869355938	10
1542869355940	10
1542869355948	4
1542869355941	12
1542869355952	6
1542869355950	14
1542869355953	12
1542869355958	10
1542869355965	9
1542869355964	13
1542869355968	9
1542869355974	5
1542869355977	5
1542869355979	4
1542869355982	4
1542869355977	10
1542869355987	3
1542869355983	10
1542869355990	4
1542869355986	9
1542869355993	9
1542869355995	10
1542869355996	11
1542869356002	9
1542869356005	8
1542869356011	4
1542869356007	8
1542869356016	3
1542869356015	5
1542869356013	9
1542869356020	4
1542869356022	3
1542869356025	5
1542869356024	10
1542869356030	9
1542869356034	9
1542869356039	10
1542869356043	10
1542869356053	4
1542869356049	11
1542869356058	4
1542869356060	4
1542869356064	5
1542869356062	10
1542869356020	58
1542869356069	12
1542869356072	11
1542869356078	12
1542869356081	12
1542869356083	12
1542869356095	4
1542869356091	9
1542869356093	9
1542869356099	4
1542869356100	4
1542869356102	4
1542869356105	4
1542869356107	4
1542869356103	9
1542869356109	9
1542869356111	9
1542869356112	11
1542869356118	9
1542869356121	8
1542869356123	9
1542869356132	3
1542869356127	9
1542869356130	9
1542869356136	4
1542869356136	4
1542869356139	5
1542869356140	4
1542869356144	4
1542869356140	9
1542869356144	9
1542869356148	9
1542869356149	10
1542869356153	8
1542869356157	9
1542869356160	8
1542869356161	9
1542869356168	3
1542869356170	4
1542869356166	8
1542869356172	4
1542869356174	4
1542869356174	4
1542869356178	4
1542869356176	8
1542869356178	9
1542869356182	9
1542869356184	10
1542869356187	9
1542869356191	9
1542869356194	9
1542869356196	10
1542869356203	4
1542869356200	9
1542869356206	4
1542869356207	5
1542869356209	5
1542869356210	4
1542869356214	5
1542869356212	10
1542869356214	10
1542869356219	9
1542869356222	8
1542869356224	9
1542869356232	9
1542869356231	12
1542869356233	11
1542869356241	5
1542869356244	4
1542869356246	4
1542869356243	10
1542869356248	5
1542869356253	4
1542869356250	8
1542869356257	3
1542869356253	8
1542869356258	8
1542869356260	10
1542869356261	11
1542869356266	9
1542869356270	7
1542869356275	4
1542869356272	8
1542869356279	4
1542869356280	5
1542869356277	9
1542869356285	3
1542869356286	4
1542869356283	11
1542869356290	4
1542869356288	11
1542869356294	10
1542869356294	12
1542869356299	9
1542869356304	9
1542869356306	10
1542869356308	10
1542869356313	5
1542869356318	4
1542869356318	5
1542869356316	9
1542869356323	3
1542869356325	4
1542869356322	9
1542869356329	3
1542869356326	8
1542869356331	8
1542869356332	9
1542869356334	9
1542869356339	9
1542869356341	9
1542869356343	8
1542869356348	4
1542869356352	3
1542869356352	4
1542869356350	9
1542869356356	3
1542869356359	4
1542869356355	9
1542869356363	3
1542869356360	11
1542869356365	9
1542869356366	10
1542869356371	8
1542869356374	9
1542869356376	10
1542869356383	4
1542869356379	9
1542869356387	3
1542869356388	3
1542869356386	9
1542869356391	4
1542869356395	4
1542869356390	9
1542869356399	3
1542869356395	10
1542869356399	8
1542869356402	9
1542869356405	9
1542869356407	10
1542869356417	4
1542869356411	10
1542869356414	10
1542869356421	4
1542869356424	5
1542869356421	9
1542869356425	7
1542869356429	4
1542869356430	4
1542869356434	4
1542869356432	9
1542869356433	11
1542869356438	7
1542869356441	8
1542869356444	7
1542869356445	8
1542869356449	6
1542869356455	4
1542869356451	12
1542869356453	11
1542869356463	4
1542869356459	8
1542869356465	3
1542869356467	4
1542869356468	4
1542869356467	8
1542869356471	8
1542869356472	9
1542869356475	9
1542869356479	9
1542869356484	4
1542869356481	9
1542869356488	4
1542869356488	9
1542869356490	9
1542869356492	8
1542869356497	4
1542869356499	5
1542869356501	3
1542869356504	3
1542869356500	10
1542869356505	9
1542869356507	9
1542869356510	9
1542869356514	8
1542869356519	4
1542869356516	9
1542869356523	4
1542869356523	9
1542869356525	10
1542869356532	5
1542869356527	11
1542869356535	3
1542869356537	4
1542869356538	5
1542869356538	8
1542869356541	9
1542869356543	9
1542869356546	10
1542869356550	7
1542869356556	4
1542869356552	9
1542869356560	4
1542869356557	9
1542869356566	4
1542869356561	9
1542869356564	9
1542869356570	4
1542869356570	5
1542869356575	4
1542869356573	10
1542869356575	11
1542869356579	9
1542869356583	9
1542869356586	10
1542869356592	4
1542869356588	10
1542869356596	4
1542869356596	10
1542869356598	10
1542869356600	10
1542869356606	5
1542869356608	4
1542869356611	4
1542869356610	9
1542869356612	7
1542869356615	9
1542869356619	10
1542869356619	12
1542869356624	9
1542869356631	4
1542869356629	9
1542869356638	4
1542869356637	9
1542869356638	11
1542869356643	8
1542869356646	5
1542869356651	4
1542869356649	4
1542869356651	10
1542869356656	5
1542869356655	10
1542869356666	10
1542869356666	12
1542869356666	12
1542869356678	4
1542869356682	4
1542869356676	11
1542869356678	11
1542869356686	10
1542869356687	11
1542869356696	12
1542869356696	12
1542869356708	4
1542869356698	15
1542869356713	4
1542869356708	10
1542869356718	3
1542869356712	10
1542869356721	5
1542869356717	9
1542869356722	8
1542869356726	8
1542869356726	11
1542869356730	8
1542869356738	4
1542869356734	8
1542869356737	7
1542869356742	4
1542869356744	5
1542869356742	9
1542869356749	4
1542869356751	4
1542869356746	10
1542869356755	4
1542869356753	9
1542869356756	9
1542869356759	8
1542869356762	9
1542869356765	8
1542869356773	4
1542869356771	9
1542869356777	4
1542869356771	11
1542869356780	9
1542869356781	10
1542869356787	5
1542869356789	4
1542869356792	4
1542869356793	4
1542869356791	12
1542869356796	10
1542869356797	11
1542869356803	9
1542869356806	9
1542869356813	4
1542869356808	10
1542869356817	4
1542869356815	10
1542869356818	11
1542869356825	6
1542869356821	11
1542869356829	5
1542869356831	4
1542869356834	3
1542869356832	11
1542869356835	11
1542869356837	13
1542869356843	10
1542869356846	11
1542869356853	5
1542869356851	10
1542869356858	4
1542869356857	11
1542869356861	9
1542869356862	10
1542869356868	4
1542869356870	3
1542869356872	5
1542869356873	4
1542869356872	9
1542869356877	8
1542869356877	10
1542869356881	9
1542869356890	4
1542869356885	9
1542869356887	9
1542869356894	5
1542869356894	9
1542869356896	9
1542869356903	4
1542869356899	9
1542869356905	4
1542869356907	4
1542869356909	4
1542869356908	9
1542869356911	8
1542869356913	9
1542869356917	8
1542869356920	8
1542869356922	7
1542869356925	5
1542869356930	3
1542869356928	9
1542869356929	11
1542869356933	9
1542869356937	5
1542869356940	3
1542869356942	5
1542869356943	5
1542869356942	10
1542869356948	8
1542869356947	11
1542869356952	9
1542869356961	3
1542869356956	9
1542869356958	9
1542869356964	4
1542869356965	9
1542869356967	9
1542869356974	3
1542869356968	10
1542869356976	3
1542869356977	4
1542869356979	4
1542869356978	8
1542869356981	9
1542869356983	10
1542869356986	9
1542869356995	4
1542869356991	10
1542869356999	4
1542869356993	11
1542869357001	9
1542869357003	9
1542869357004	9
1542869357013	4
1542869357010	8
1542869357013	9
1542869357018	4
1542869357017	6
1542869357022	9
1542869357023	10
1542869357022	12
1542869357038	5
1542869357039	10
1542869357039	13
1542869357050	4
1542869357050	9
1542869357052	10
1542869357054	11
1542869357068	5
1542869357068	5
1542869357068	10
1542869357076	4
1542869357076	4
1542869357078	9
1542869357080	9
1542869357080	10
1542869357100	4
1542869357104	5
1542869357100	11
1542869357100	13
1542869357109	10
1542869357111	11
1542869357113	11
1542869357124	5
1542869357125	5
1542869357124	11
1542869357135	4
1542869357135	4
1542869357135	9
1542869357145	4
1542869357149	4
1542869357145	9
1542869357144	12
1542869357157	9
1542869357157	11
1542869357156	13
1542869357166	9
1542869357168	9
1542869357175	4
1542869357169	10
1542869357177	4
1542869357179	4
1542869357181	4
1542869357179	11
1542869357183	9
1542869357190	4
1542869357185	10
1542869357194	4
1542869357194	10
1542869357195	11
1542869357198	11
1542869357204	13
1542869357206	13
1542869357217	4
1542869357209	13
1542869357219	4
1542869357221	4
1542869357223	5
1542869357222	10
1542869357225	10
1542869357232	4
1542869357228	10
1542869357236	5
1542869357235	9
1542869357238	10
1542869357241	9
1542869357244	9
1542869357253	4
1542869357248	9
1542869357250	30
1542869357257	25
1542869357257	26
1542869357283	4
1542869357280	10
1542869357282	10
1542869357290	4
1542869357287	9
1542869357294	4
1542869357292	10
1542869357297	9
1542869357298	11
1542869357302	9
1542869357311	5
1542869357306	11
1542869357309	11
1542869357316	4
1542869357317	4
1542869357321	4
1542869357320	9
1542869357320	11
1542869357325	8
1542869357331	5
1542869357329	9
1542869357336	4
1542869357333	9
1542869357338	9
1542869357340	10
1542869357347	4
1542869357342	10
1542869357351	4
1542869357352	3
1542869357350	9
1542869357356	4
1542869357355	10
1542869357359	11
1542869357360	13
1542869357370	4
1542869357365	10
1542869357374	5
1542869357373	9
1542869357375	9
1542869357379	9
1542869357384	5
1542869357382	8
1542869357389	5
1542869357390	4
1542869357388	9
1542869357394	4
1542869357394	9
1542869357397	9
1542869357398	11
1542869357407	4
1542869357403	10
1542869357411	3
1542869357409	8
1542869357413	9
1542869357414	10
1542869357422	4
1542869357417	10
1542869357426	4
1542869357427	3
1542869357424	9
1542869357430	5
1542869357430	10
1542869357433	9
1542869357435	9
1542869357442	4
1542869357440	8
1542869357446	5
1542869357444	10
1542869357448	10
1542869357451	10
1542869357458	5
1542869357454	9
1542869357464	4
1542869357463	5
1542869357461	9
1542869357468	4
1542869357468	8
1542869357470	7
1542869357472	9
1542869357478	4
1542869357476	8
1542869357482	4
1542869357481	9
1542869357484	9
1542869357486	10
1542869357493	5
1542869357490	10
1542869357498	5
1542869357500	4
1542869357496	10
1542869357504	4
1542869357503	11
1542869357506	10
1542869357508	10
1542869357516	4
1542869357514	9
1542869357520	5
1542869357518	10
1542869357523	9
1542869357525	10
1542869357533	4
1542869357528	9
1542869357537	4
1542869357537	5
1542869357542	4
1542869357535	11
1542869357541	10
1542869357546	9
1542869357546	11
1542869357551	8
1542869357557	4
1542869357555	8
1542869357561	5
1542869357559	9
1542869357568	4
1542869357564	9
1542869357566	9
1542869357572	3
1542869357573	3
1542869357576	4
1542869357575	8
1542869357575	11
1542869357581	9
1542869357583	9
1542869357592	4
1542869357589	9
1542869357590	10
1542869357596	5
1542869357598	11
1542869357600	10
1542869357601	9
1542869357609	4
1542869357610	4
1542869357614	5
1542869357614	5
1542869357610	14
1542869357619	8
1542869357619	10
1542869357624	9
1542869357627	9
1542869357633	4
1542869357630	9
1542869357639	4
1542869357639	9
1542869357639	11
1542869357643	9
1542869357648	5
1542869357651	4
1542869357653	5
1542869357655	4
1542869357652	10
1542869357662	9
1542869357662	12
1542869357663	11
1542869357684	5
1542869357689	5
1542869357684	12
1542869357684	14
1542869357694	8
1542869357696	13
1542869357703	9
1542869357709	5
1542869357703	11
1542869357714	4
1542869357714	4
1542869357712	11
1542869357718	7
1542869357723	4
1542869357718	12
1542869357727	5
1542869357727	10
1542869357730	10
1542869357734	10
1542869357738	8
1542869357740	9
1542869357749	4
1542869357744	9
1542869357746	9
1542869357753	4
1542869357755	4
1542869357753	9
1542869357759	4
1542869357757	9
1542869357762	5
1542869357767	4
1542869357763	10
1542869357766	9
1542869357771	9
1542869357773	10
1542869357775	10
1542869357785	4
1542869357780	11
1542869357783	10
1542869357789	4
1542869357793	3
1542869357796	5
1542869357791	10
1542869357793	10
1542869357801	4
1542869357805	4
1542869357801	9
1542869357803	10
1542869357809	9
1542869357810	10
1542869357813	10
1542869357823	3
1542869357818	9
1542869357820	9
1542869357827	4
1542869357829	4
1542869357833	4
1542869357827	10
1542869357831	8
1542869357837	4
1542869357841	4
1542869357837	8
1542869357839	10
1542869357845	9
1542869357845	11
1542869357849	9
1542869357858	4
1542869357854	8
1542869357856	10
1542869357862	4
1542869357862	5
1542869357866	5
1542869357866	9
1542869357867	10
1542869357875	4
1542869357871	10
1542869357879	4
1542869357877	9
1542869357881	8
1542869357883	8
1542869357886	10
1542869357889	9
1542869357896	4
1542869357898	4
1542869357900	5
1542869357891	14
1542869357902	5
1542869357905	9
1542869357907	10
1542869357905	12
1542869357917	5
1542869357914	10
1542869357922	4
1542869357917	10
1542869357924	10
1542869357927	9
1542869357926	11
1542869357934	5
1542869357936	4
1542869357939	4
1542869357941	3
1542869357937	8
1542869357943	8
1542869357945	9
1542869357944	10
1542869357954	4
1542869357951	10
1542869357958	4
1542869357954	9
1542869357961	9
1542869357962	11
1542869357963	10
1542869357970	5
1542869357973	4
1542869357975	5
1542869357977	4
1542869357973	9
1542869357980	10
1542869357982	10
1542869357981	12
1542869357992	5
1542869357990	9
1542869357993	9
1542869357997	5
1542869357999	10
1542869358002	9
1542869358002	9
1542869358009	3
1542869358011	4
1542869358012	4
1542869358015	3
1542869358011	8
1542869358016	9
1542869358018	9
1542869358020	10
1542869358030	4
1542869358025	9
1542869358027	10
1542869358034	3
1542869358034	10
1542869358037	9
1542869358044	4
1542869358037	11
1542869358046	5
1542869358048	4
1542869358051	3
1542869358048	10
1542869358052	9
1542869358055	8
1542869358058	12
1542869358061	11
1542869358070	3
1542869358063	12
1542869358073	5
1542869358072	9
1542869358075	10
1542869358081	4
1542869358078	9
1542869358085	4
1542869358085	4
1542869358089	3
1542869358087	9
1542869358089	9
1542869358092	8
1542869358096	9
1542869358099	9
1542869358100	10
1542869358105	9
1542869358108	10
1542869358114	4
1542869358110	10
1542869358118	4
1542869358120	4
1542869358122	3
1542869358118	10
1542869358124	4
1542869358125	8
1542869358128	9
1542869358128	11
1542869358133	8
1542869358137	7
1542869358139	9
1542869358144	4
1542869358141	9
1542869358148	4
1542869358150	3
1542869358148	8
1542869358153	4
1542869358156	4
1542869358160	5
1542869358152	13
1542869358157	10
1542869358165	9
1542869358165	11
1542869358167	11
1542869358174	9
1542869358176	9
1542869358183	4
1542869358178	9
1542869358188	3
1542869358187	5
1542869358185	9
1542869358191	4
1542869358194	4
1542869358192	8
1542869358198	4
1542869358195	9
1542869358200	9
1542869358202	9
1542869358204	10
1542869358209	8
1542869358211	10
1542869358217	4
1542869358214	10
1542869358221	4
1542869358224	4
1542869358221	8
1542869358228	4
1542869358229	4
1542869358225	8
1542869358233	4
1542869358232	9
1542869358233	10
1542869358237	8
1542869358241	8
1542869358243	8
1542869358246	8
1542869358251	4
1542869358249	9
1542869358255	4
1542869358258	3
1542869358254	9
1542869358261	4
1542869358263	4
1542869358259	8
1542869358267	4
1542869358265	9
1542869358267	9
1542869358271	8
1542869358274	9
1542869358276	9
1542869358280	8
1542869358283	8
1542869358292	4
1542869358292	5
1542869358296	5
1542869358297	5
1542869358292	11
1542869358303	4
1542869358301	9
1542869358307	4
1542869358302	10
1542869358320	10
1542869358320	13
1542869358320	13
1542869358330	9
1542869358333	9
1542869358333	12
1542869358342	5
1542869358345	4
1542869358340	9
1542869358349	4
1542869358349	4
1542869358349	4
1542869358353	4
1542869358353	9
1542869358353	12
1542869358357	10
1542869358362	9
1542869358365	8
1542869358367	8
1542869358371	9
1542869358380	4
1542869358384	4
1542869358379	10
1542869358379	13
1542869358389	5
1542869358392	4
1542869358394	4
1542869358389	9
1542869358396	4
1542869358398	11
1542869358398	13
1542869358400	11
1542869358409	8
1542869358411	9
1542869358411	11
1542869358420	5
1542869358417	9
1542869358425	4
1542869358426	4
1542869358422	8
1542869358430	4
1542869358430	5
1542869358429	8
1542869358435	4
1542869358434	9
1542869358437	9
1542869358439	9
1542869358443	9
1542869358446	10
1542869358448	9
1542869358452	10
1542869358456	6
1542869358462	4
1542869358457	9
1542869358462	5
1542869358466	5
1542869358467	4
1542869358466	9
1542869358471	4
1542869358471	8
1542869358475	8
1542869358475	10
1542869358479	8
1542869358483	9
1542869358485	10
1542869358492	5
1542869358487	10
1542869358497	4
1542869358497	4
1542869358501	4
1542869358495	10
1542869358505	4
1542869358501	9
1542869358509	4
1542869358505	8
1542869358510	8
1542869358513	12
1542869358513	14
1542869358518	11
1542869358525	9
1542869358529	5
1542869358527	9
1542869358535	6
1542869358536	5
1542869358534	11
1542869358541	4
1542869358545	5
1542869358541	9
1542869358545	8
1542869358550	4
1542869358550	8
1542869358553	9
1542869358554	10
1542869358558	8
1542869358566	4
1542869358562	9
1542869358564	8
1542869358570	5
1542869358571	4
1542869358575	3
1542869358572	8
1542869358580	4
1542869358575	9
1542869358578	8
1542869358584	4
1542869358584	8
1542869358586	8
1542869358588	9
1542869358592	9
1542869358594	11
1542869358601	4
1542869358597	9
1542869358605	4
1542869358605	4
1542869358609	5
1542869358606	8
1542869358614	4
1542869358609	9
1542869358614	8
1542869358618	4
1542869358618	9
1542869358622	8
1542869358622	11
1542869358627	8
1542869358635	3
1542869358630	9
1542869358633	9
1542869358639	3
1542869358638	5
1542869358642	5
1542869358642	9
1542869358643	11
1542869358647	9
1542869358652	4
1542869358656	4
1542869358654	9
1542869358656	9
1542869358660	9
1542869358663	9
1542869358665	9
1542869358672	4
1542869358674	3
1542869358669	9
1542869358676	3
1542869358677	5
1542869358678	9
1542869358679	11
1542869358687	4
1542869358682	11
1542869358691	4
1542869358690	9
1542869358693	8
1542869358695	8
1542869358699	9
1542869358701	9
1542869358703	9
1542869358708	4
1542869358710	4
1542869358712	5
1542869358714	4
1542869358712	8
1542869358720	3
1542869358717	9
1542869358718	9
1542869358723	4
1542869358726	8
1542869358727	9
1542869358727	10
1542869358734	9
1542869358737	8
1542869358736	11
1542869358743	4
1542869358747	4
1542869358747	6
1542869358745	8
1542869358753	5
1542869358753	5
1542869358758	4
1542869358751	11
1542869358758	9
1542869358762	9
1542869358762	11
1542869358767	8
1542869358771	8
1542869358774	8
1542869358779	4
1542869358775	9
1542869358783	4
1542869358784	5
1542869358782	8
1542869358789	4
1542869358790	4
1542869358787	8
1542869358794	4
1542869358793	7
1542869358795	8
1542869358798	8
1542869358800	8
1542869358804	8
1542869358806	8
1542869358812	4
1542869358808	9
1542869358817	4
1542869358816	5
1542869358814	9
1542869358821	3
1542869358823	3
1542869358821	8
1542869358827	3
1542869358824	9
1542869358829	10
1542869358830	11
1542869358834	8
1542869358839	10
1542869358841	10
1542869358842	9
1542869358849	4
1542869358851	4
1542869358853	4
1542869358855	4
1542869358851	9
1542869358860	4
1542869358857	9
1542869358859	8
1542869358864	4
1542869358866	8
1542869358868	8
1542869358867	10
1542869358874	9
1542869358877	8
1542869358883	5
1542869358877	11
1542869358886	3
1542869358888	3
1542869358889	4
1542869358888	10
1542869358891	9
1542869358898	3
1542869358893	9
1542869358902	3
1542869358900	9
1542869358902	9
1542869358905	8
1542869358909	10
1542869358911	10
1542869358913	10
1542869358924	5
1542869358924	5
1542869358924	9
1542869358929	5
1542869358929	5
1542869358933	5
1542869358938	5
1542869358934	9
1542869358934	10
1542869358943	10
1542869358943	12
1542869358944	11
1542869358953	10
1542869358955	11
1542869358955	11
1542869358966	4
1542869358966	4
1542869358963	10
1542869358970	5
1542869358970	5
1542869358973	4
1542869358977	4
1542869358975	9
1542869358975	11
1542869358981	9
1542869358984	8
1542869358986	9
1542869358990	10
1542869358992	10
1542869358995	9
1542869359002	4
1542869359000	8
1542869359004	4
1542869359006	4
1542869359008	4
1542869359008	4
1542869359012	4
1542869359010	9
1542869359012	10
1542869359016	9
1542869359019	8
1542869359022	8
1542869359025	9
1542869359027	9
1542869359030	9
1542869359036	4
1542869359039	3
1542869359034	9
1542869359040	5
1542869359043	4
1542869359043	4
1542869359047	4
1542869359045	9
1542869359047	9
1542869359051	8
1542869359054	8
1542869359056	9
1542869359059	8
1542869359062	8
1542869359065	7
1542869359067	7
1542869359070	4
1542869359072	4
1542869359074	4
1542869359074	5
1542869359076	3
1542869359078	6
1542869359079	10
1542869359079	12
1542869359084	9
1542869359089	9
1542869359091	8
1542869359093	9
1542869359098	8
1542869359099	9
1542869359106	4
1542869359102	8
1542869359108	4
1542869359110	4
1542869359110	4
1542869359112	4
1542869359114	4
1542869359114	9
1542869359116	8
1542869359118	9
1542869359123	9
1542869359125	9
1542869359127	9
1542869359132	8
1542869359134	8
1542869359140	4
1542869359136	9
1542869359142	4
1542869359144	4
1542869359145	3
1542869359146	3
1542869359149	3
1542869359148	10
1542869359149	11
1542869359152	10
1542869359158	8
1542869359160	8
1542869359162	8
1542869359166	8
1542869359168	9
1542869359174	4
1542869359170	9
1542869359177	4
1542869359179	3
1542869359178	4
1542869359181	3
1542869359182	4
1542869359182	10
1542869359184	10
1542869359186	8
1542869359192	8
1542869359194	9
1542869359194	10
1542869359200	9
1542869359203	8
1542869359204	9
1542869359209	4
1542869359211	4
1542869359213	4
1542869359213	4
1542869359215	4
1542869359217	11
1542869359217	6
1542869359228	10
1542869359228	12
1542869359228	12
1542869359238	9
1542869359252	5
1542869359257	4
1542869359252	16
1542869359252	26
1542869359285	11
1542869359268	30
1542869359285	14
1542869359296	4
1542869359299	3
1542869359300	4
1542869359302	5
1542869359298	9
1542869359304	8
1542869359307	8
1542869359307	11
1542869359312	7
1542869359318	3
1542869359316	8
1542869359322	4
1542869359320	8
1542869359324	8
1542869359326	9
1542869359336	4
1542869359336	5
1542869359341	4
1542869359340	5
1542869359336	9
1542869359345	10
1542869359345	11
1542869359346	10
1542869359356	5
1542869359355	9
1542869359361	4
1542869359356	10
1542869359364	9
1542869359365	10
1542869359366	9
1542869359373	4
1542869359375	3
1542869359377	3
1542869359378	4
1542869359375	8
1542869359380	8
1542869359382	9
1542869359383	10
1542869359388	8
1542869359391	8
1542869359396	4
1542869359396	9
1542869359405	5
1542869359405	5
1542869359410	3
1542869359405	9
1542869359410	7
1542869359414	4
1542869359413	8
1542869359418	3
1542869359417	9
1542869359421	8
1542869359422	9
1542869359429	9
1542869359430	10
1542869359431	9
1542869359438	4
1542869359440	3
1542869359442	4
1542869359443	3
1542869359440	8
1542869359448	3
1542869359446	7
1542869359446	9
1542869359455	4
1542869359455	9
1542869359456	9
1542869359464	8
1542869359465	9
1542869359464	10
1542869359480	5
1542869359480	5
1542869359485	4
1542869359480	10
1542869359493	5
1542869359493	9
1542869359493	12
1542869359503	4
1542869359498	9
1542869359507	4
1542869359505	8
1542869359507	9
1542869359511	8
1542869359513	9
1542869359516	8
1542869359522	4
1542869359524	4
1542869359520	8
1542869359526	5
1542869359528	3
1542869359529	8
1542869359531	9
1542869359531	9
1542869359537	4
1542869359541	4
1542869359540	8
1542869359540	10
1542869359545	9
1542869359548	8
1542869359550	8
1542869359556	5
1542869359554	8
1542869359558	4
1542869359561	3
1542869359562	4
1542869359562	8
1542869359564	8
1542869359570	4
1542869359566	9
1542869359574	3
1542869359572	9
1542869359575	7
1542869359577	8
1542869359581	9
1542869359582	10
1542869359590	4
1542869359586	8
1542869359594	3
1542869359592	8
1542869359594	8
1542869359600	4
1542869359597	9
1542869359602	4
1542869359606	4
1542869359604	9
1542869359606	10
1542869359610	7
1542869359613	8
1542869359616	8
1542869359618	8
1542869359621	7
1542869359624	4
1542869359628	4
1542869359628	4
1542869359626	10
1542869359632	4
1542869359632	7
1542869359636	3
1542869359639	4
1542869359636	7
1542869359639	7
1542869359643	7
1542869359643	9
1542869359646	8
1542869359654	3
1542869359650	9
1542869359652	9
1542869359657	5
1542869359662	3
1542869359659	8
1542869359666	3
1542869359662	9
1542869359667	4
1542869359671	4
1542869359669	8
1542869359671	8
1542869359675	9
1542869359677	9
1542869359679	11
1542869359684	9
1542869359690	3
1542869359686	9
1542869359693	4
1542869359693	9
1542869359695	7
1542869359697	8
1542869359702	4
1542869359702	4
1542869359706	4
1542869359705	9
1542869359706	9
1542869359712	8
1542869359714	8
1542869359720	7
1542869359715	13
1542869359722	9
1542869359731	5
1542869359728	8
1542869359728	10
1542869359736	5
1542869359739	3
1542869359741	3
1542869359742	5
1542869359736	12
1542869359744	8
1542869359747	8
1542869359748	9
1542869359752	8
1542869359755	10
1542869359757	10
1542869359760	9
1542869359767	4
1542869359769	4
1542869359765	9
1542869359771	5
1542869359773	3
1542869359774	4
1542869359778	3
1542869359776	8
1542869359776	10
1542869359781	9
1542869359784	8
1542869359786	9
1542869359790	10
1542869359792	10
1542869359795	10
1542869359802	5
1542869359800	9
1542869359805	4
1542869359807	4
1542869359809	3
1542869359809	4
1542869359813	3
1542869359811	8
1542869359812	10
1542869359816	8
1542869359819	10
1542869359822	9
1542869359824	8
1542869359829	8
1542869359831	8
1542869359837	5
1542869359832	10
1542869359839	4
1542869359842	4
1542869359842	4
1542869359843	5
1542869359846	3
1542869359846	9
1542869359848	9
1542869359849	10
1542869359855	9
1542869359857	9
1542869359859	9
1542869359864	8
1542869359866	8
1542869359868	8
1542869359872	4
1542869359874	4
1542869359876	4
1542869359876	5
1542869359878	4
1542869359881	4
1542869359880	10
1542869359882	10
1542869359885	9
1542869359890	8
1542869359892	10
1542869359894	11
1542869359898	8
1542869359906	4
1542869359902	8
1542869359910	4
1542869359910	5
1542869359905	10
1542869359920	5
1542869359920	5
1542869359925	4
1542869359920	9
1542869359925	9
1542869359929	9
1542869359929	11
1542869359934	8
1542869359938	8
1542869359940	8
1542869359942	8
1542869359946	4
1542869359950	3
1542869359950	4
1542869359948	8
1542869359954	4
1542869359956	5
1542869359954	11
1542869359961	4
1542869359958	9
1542869359965	9
1542869359967	10
1542869359965	12
1542869359975	9
1542869359977	10
1542869359977	10
1542869359987	4
1542869359987	4
1542869359984	10
1542869359991	4
1542869359991	4
1542869359994	4
1542869359998	4
1542869359995	8
1542869359995	11
1542869360002	11
1542869360003	12
1542869360007	8
1542869360013	8
1542869360015	10
1542869360015	10
1542869360026	4
1542869360026	4
1542869360021	9
1542869360031	4
1542869360031	4
1542869360031	5
1542869360036	4
1542869360035	9
1542869360035	11
1542869360040	8
1542869360044	9
1542869360048	8
1542869360048	11
1542869360053	8
1542869360061	4
1542869360056	9
1542869360059	8
1542869360065	3
1542869360065	4
1542869360067	4
1542869360069	3
1542869360071	3
1542869360069	9
1542869360072	8
1542869360074	8
1542869360078	9
1542869360080	9
1542869360083	8
1542869360087	8
1542869360089	9
1542869360095	5
1542869360091	10
1542869360098	4
1542869360100	4
1542869360101	3
1542869360102	3
1542869360104	4
1542869360104	12
1542869360108	10
1542869360106	13
1542869360116	8
1542869360118	8
1542869360119	10
1542869360124	9
1542869360126	9
1542869360133	4
1542869360129	8
1542869360135	3
1542869360137	4
1542869360137	5
1542869360138	4
1542869360142	3
1542869360141	8
1542869360142	10
1542869360145	9
1542869360149	9
1542869360152	8
1542869360154	9
1542869360158	9
1542869360160	9
1542869360167	4
1542869360163	8
1542869360169	3
1542869360171	3
1542869360173	3
1542869360171	5
1542869360176	4
1542869360175	9
1542869360176	10
1542869360180	10
1542869360184	9
1542869360186	9
1542869360190	8
1542869360193	7
1542869360195	8
1542869360200	4
1542869360203	4
1542869360198	9
1542869360204	4
1542869360207	3
1542869360207	4
1542869360211	3
1542869360208	10
1542869360211	10
1542869360214	9
1542869360218	8
1542869360221	8
1542869360223	8
1542869360226	9
1542869360235	4
1542869360231	10
1542869360230	13
1542869360239	4
1542869360241	4
1542869360243	4
1542869360245	3
1542869360243	7
1542869360247	4
1542869360248	9
1542869360250	10
1542869360251	11
1542869360258	8
1542869360260	8
1542869360262	9
1542869360268	4
1542869360266	9
1542869360272	4
1542869360271	9
1542869360275	5
1542869360280	4
1542869360280	4
1542869360276	9
1542869360284	4
1542869360284	10
1542869360285	11
1542869360288	22
1542869360294	21
1542869360297	20
1542869360310	10
1542869360317	4
1542869360315	8
1542869360321	4
1542869360323	3
1542869360320	7
1542869360326	5
1542869360328	3
1542869360325	8
1542869360331	4
1542869360331	10
1542869360333	10
1542869360335	10
1542869360341	7
1542869360343	10
1542869360345	10
1542869360348	8
1542869360353	4
1542869360357	4
1542869360357	4
1542869360355	10
1542869360361	5
1542869360366	5
1542869360361	11
1542869360371	4
1542869360366	9
1542869360372	10
1542869360375	9
1542869360375	9
1542869360382	9
1542869360384	9
1542869360384	10
1542869360391	5
1542869360394	3
1542869360396	4
1542869360398	4
1542869360394	8
1542869360402	3
1542869360400	9
1542869360406	5
1542869360402	9
1542869360409	10
1542869360411	11
1542869360411	11
1542869360419	10
1542869360422	9
1542869360422	10
1542869360429	4
1542869360432	3
1542869360433	4
1542869360435	4
1542869360432	8
1542869360440	5
1542869360437	8
1542869360439	9
1542869360445	4
1542869360445	9
1542869360448	8
1542869360449	10
1542869360454	9
1542869360456	10
1542869360463	5
1542869360459	9
1542869360466	5
1542869360468	4
1542869360471	3
1542869360468	9
1542869360472	8
1542869360477	4
1542869360474	9
1542869360481	4
1542869360480	9
1542869360483	9
1542869360485	9
1542869360489	9
1542869360492	9
1542869360498	4
1542869360494	9
1542869360501	4
1542869360502	4
1542869360505	3
1542869360503	10
1542869360506	9
1542869360513	4
1542869360508	9
1542869360517	5
1542869360515	10
1542869360517	11
1542869360522	8
1542869360525	9
1542869360528	8
1542869360530	8
1542869360534	4
1542869360536	4
1542869360538	3
1542869360540	3
1542869360538	9
1542869360542	8
1542869360547	4
1542869360544	9
1542869360551	4
1542869360550	10
1542869360553	10
1542869360555	11
1542869360563	9
1542869360563	11
1542869360572	4
1542869360566	11
1542869360574	5
1542869360576	4
1542869360577	9
1542869360587	4
1542869360586	5
1542869360591	3
1542869360586	10
1542869360591	10
1542869360595	9
1542869360596	10
1542869360601	7
1542869360604	8
1542869360606	8
1542869360608	9
1542869360617	5
1542869360617	5
1542869360617	9
1542869360627	4
1542869360627	4
1542869360627	4
1542869360631	4
1542869360631	9
1542869360635	10
1542869360631	15
1542869360640	15
1542869360646	10
1542869360645	12
1542869360655	10
1542869360656	11
1542869360658	9
1542869360665	3
1542869360667	4
1542869360667	4
1542869360668	4
1542869360671	4
1542869360671	4
1542869360672	10
1542869360675	9
1542869360675	10
1542869360682	8
1542869360685	8
1542869360684	11
1542869360690	9
1542869360693	8
1542869360695	9
1542869360699	5
1542869360702	4
1542869360716	4
1542869360716	4
1542869360716	5
1542869360720	5
1542869360720	10
1542869360721	9
1542869360725	9
1542869360730	9
1542869360730	11
1542869360734	9
1542869360739	8
1542869360741	9
1542869360747	4
1542869360743	9
1542869360750	4
1542869360751	4
1542869360752	3
1542869360754	4
1542869360755	5
1542869360755	9
1542869360758	8
1542869360760	8
1542869360764	8
1542869360766	8
1542869360768	8
1542869360772	8
1542869360774	8
1542869360780	4
1542869360776	8
1542869360782	3
1542869360784	4
1542869360784	4
1542869360785	4
1542869360788	6
1542869360788	10
1542869360789	11
1542869360794	9
1542869360798	8
1542869360800	10
1542869360803	9
1542869360806	8
1542869360810	9
1542869360814	5
1542869360812	10
1542869360819	4
1542869360819	4
1542869360822	4
1542869360823	3
1542869360826	4
1542869360823	11
1542869360826	10
1542869360830	10
1542869360834	10
1542869360836	9
1542869360840	9
1542869360844	8
1542869360845	10
1542869360852	5
1542869360855	4
1542869360849	10
1542869360857	4
1542869360859	4
1542869360859	4
1542869360863	4
1542869360861	9
1542869360863	9
1542869360867	9
1542869360870	10
1542869360872	9
1542869360876	9
1542869360880	9
1542869360881	11
1542869360889	5
1542869360885	9
1542869360892	3
1542869360894	4
1542869360894	5
1542869360895	5
1542869360898	4
1542869360900	10
1542869360899	13
1542869360908	10
1542869360910	11
1542869360912	11
1542869360918	9
1542869360921	8
1542869360923	9
1542869360929	4
1542869360927	9
1542869360932	4
1542869360933	4
1542869360936	4
1542869360936	4
1542869360940	4
1542869360937	10
1542869360940	9
1542869360944	9
1542869360947	10
1542869360949	10
1542869360953	8
1542869360957	11
1542869360959	11
1542869360961	11
1542869360968	5
1542869360970	4
1542869360973	4
1542869360972	5
1542869360974	4
1542869360977	4
1542869360977	10
1542869360978	11
1542869360981	11
1542869360987	8
1542869360989	9
1542869360992	9
1542869360995	8
1542869361003	5
1542869361001	10
1542869361008	4
1542869361011	4
1542869361015	5
1542869361012	10
1542869361020	10
1542869361022	10
1542869361030	11
1542869361032	11
1542869361043	6
1542869361041	9
1542869361049	3
1542869361050	4
1542869361054	4
1542869361052	10
1542869361058	9
1542869360998	74
1542869361062	11
1542869361067	8
1542869361072	4
1542869361076	4
1542869361073	10
1542869361075	11
1542869361083	5
1542869361086	5
1542869361080	11
1542869361088	5
1542869361091	4
1542869361091	10
1542869361093	10
1542869361095	11
1542869361101	8
1542869361109	4
1542869361103	11
1542869361106	10
1542869361113	6
1542869361114	9
1542869361123	5
1542869361116	12
1542869361119	11
1542869361128	5
1542869361128	5
1542869361130	9
1542869361135	5
1542869361133	12
1542869361140	9
1542869361140	11
1542869361149	3
1542869361145	9
1542869361153	4
1542869361151	9
1542869361154	8
1542869361157	8
1542869361162	4
1542869361160	8
1542869361166	4
1542869361168	4
1542869361165	10
1542869361172	4
1542869361170	10
1542869361176	9
1542869361175	12
1542869361180	9
1542869361187	4
1542869361185	10
1542869361191	4
1542869361189	9
1542869361199	3
1542869361195	10
1542869361203	4
1542869361195	12
1542869361205	4
1542869361209	4
1542869361207	9
1542869361207	12
1542869361213	11
1542869361216	12
1542869361219	12
1542869361224	10
1542869361231	5
1542869361228	12
1542869361236	5
1542869361234	9
1542869361240	5
1542869361243	4
1542869361245	4
1542869361247	4
1542869361241	16
1542869361249	12
1542869361251	13
1542869361257	11
1542869361261	10
1542869361264	10
1542869361268	10
1542869361271	9
1542869361278	4
1542869361274	10
1542869361280	4
1542869361282	3
1542869361284	3
1542869361284	4
1542869361288	5
1542869361285	9
1542869361287	9
1542869361293	10
1542869361296	9
1542869361294	12
1542869361303	9
1542869361306	8
1542869361305	12
1542869361314	5
1542869361312	9
1542869361317	4
1542869361319	3
1542869361321	4
1542869361321	4
1542869361325	5
1542869361322	9
1542869361326	10
1542869361330	10
1542869361331	11
1542869361336	10
1542869361340	9
1542869361342	10
1542869361346	9
1542869361352	4
1542869361349	9
1542869361355	5
1542869361356	4
1542869361358	5
1542869361360	5
1542869361363	4
1542869361360	9
1542869361365	8
1542869361367	9
1542869361370	8
1542869361373	10
1542869361376	9
1542869361378	9
1542869361383	9
1542869361387	5
1542869361385	9
1542869361392	4
1542869361392	4
1542869361394	5
1542869361396	3
1542869361399	5
1542869361396	10
1542869361400	10
1542869361404	10
1542869361406	10
1542869361410	9
1542869361414	9
1542869361419	10
1542869361420	11
1542869361429	4
1542869361423	11
1542869361432	4
1542869361433	5
1542869361434	4
1542869361436	5
1542869361438	4
1542869361438	9
1542869361441	8
1542869361442	9
1542869361447	9
1542869361449	10
1542869361451	10
1542869361456	11
1542869361459	10
1542869361467	4
1542869361461	10
1542869361469	4
1542869361471	4
1542869361471	5
1542869361473	5
1542869361475	4
1542869361476	9
1542869361478	9
1542869361479	10
1542869361485	9
1542869361487	9
1542869361489	10
1542869361494	9
1542869361496	10
1542869361499	9
1542869361504	4
1542869361506	5
1542869361508	4
1542869361508	4
1542869361511	4
1542869361512	4
1542869361512	10
1542869361515	10
1542869361516	11
1542869361522	9
1542869361525	9
1542869361527	13
1542869361531	14
1542869361534	13
1542869361540	10
1542869361545	5
1542869361547	5
1542869361550	4
1542869361550	4
1542869361552	5
1542869361554	4
1542869361554	10
1542869361557	9
1542869361558	10
1542869361564	8
1542869361566	8
1542869361568	9
1542869361572	10
1542869361574	11
1542869361582	5
1542869361577	10
1542869361585	4
1542869361587	4
1542869361587	5
1542869361590	4
1542869361592	8
1542869361591	10
1542869361594	12
1542869361600	9
1542869361601	12
1542869361606	9
1542869361609	11
1542869361613	9
1542869361615	11
1542869361622	4
1542869361620	9
1542869361626	4
1542869361626	4
1542869361630	3
1542869361629	5
1542869361634	3
1542869361630	9
1542869361633	9
1542869361637	8
1542869361639	8
1542869361642	7
1542869361645	8
1542869361647	9
1542869361649	9
1542869361656	3
1542869361653	9
1542869361658	5
1542869361660	5
1542869361663	4
1542869361662	5
1542869361667	5
1542869361665	9
1542869361667	10
1542869361672	8
1542869361674	9
1542869361677	9
1542869361683	9
1542869361686	8
1542869361692	4
1542869361694	4
1542869361696	4
1542869361698	5
1542869361700	10
1542869361703	12
1542869361715	9
1542869361724	10
1542869361734	4
1542869361738	5
1542869361743	11
1542869361754	10
1542869361764	9
1542869361773	5
1542869361778	4
1542869361782	10
1542869361792	10
1542869361802	10
1542869361812	4
1542869361816	4
1542869361820	9
