1540839883981	752
1540839883981	756
1540839883981	753
1540839884749	14
1540839884750	14
1540839884751	14
1540839884763	3
1540839884764	3
1540839884765	2
1540839884766	3
1540839884767	3
1540839884769	2
1540839884769	12
1540839884772	9
1540839884770	12
1540839884781	8
1540839884782	7
1540839884782	8
1540839884789	5
1540839884794	3
1540839884790	7
1540839884790	9
1540839884797	3
1540839884797	3
1540839884799	3
1540839884800	3
1540839884804	2
1540839884800	7
1540839884804	6
1540839884807	8
1540839884806	10
1540839884811	7
1540839884815	7
1540839884816	7
1540839884822	3
1540839884818	7
1540839884827	3
1540839884823	7
1540839884830	3
1540839884828	6
1540839884833	2
1540839884834	3
1540839884830	8
1540839884836	7
1540839884837	8
1540839884838	8
1540839884843	7
1540839884845	6
1540839884846	8
1540839884855	2
1540839884852	6
1540839884857	2
1540839884853	8
1540839884858	3
1540839884861	2
1540839884861	3
1540839884863	3
1540839884859	8
1540839884864	8
1540839884867	7
1540839884866	9
1540839884872	6
1540839884874	7
1540839884875	7
1540839884882	2
1540839884878	7
1540839884882	7
1540839884885	11
1540839884884	12
1540839884889	8
1540839884897	3
1540839884898	6
1540839884897	8
1540839884905	5
1540839884905	7
1540839884900	13
1540839884911	6
1540839884912	7
1540839884913	6
1540839884917	7
1540839884930	2
1540839884931	3
1540839884932	3
1540839884934	2
1540839884930	8
1540839884938	2
1540839884935	7
1540839884936	7
1540839884940	4
1540839884943	7
1540839884944	7
1540839884942	6
1540839884950	6
1540839884957	2
1540839884952	8
1540839884951	9
1540839884960	18
1540839884959	20
1540839884960	20
1540839884978	3
1540839884980	2
1540839884982	2
1540839884979	7
1540839884981	6
1540839884985	5
1540839884986	6
1540839884988	5
1540839884990	6
1540839884993	5
1540839884992	7
1540839884998	3
1540839884996	6
1540839884999	4
1540839885001	3
1540839885002	3
1540839885003	2
1540839885005	2
1540839885004	8
1540839885005	10
1540839885007	9
1540839885012	8
1540839885015	8
1540839885016	8
1540839885020	7
1540839885027	2
1540839885023	7
1540839885024	7
1540839885030	2
1540839885031	2
1540839885031	3
1540839885033	3
1540839885034	3
1540839885032	7
1540839885036	6
1540839885037	6
1540839885039	7
1540839885044	6
1540839885045	7
1540839885046	8
1540839885055	3
1540839885058	2
1540839885054	7
1540839885055	7
1540839885061	3
1540839885062	2
1540839885060	6
1540839885064	3
1540839885064	4
1540839885067	6
1540839885066	8
1540839885068	6
1540839885082	7
1540839885083	7
1540839885083	7
1540839885090	2
1540839885092	2
1540839885089	8
1540839885090	9
1540839885097	3
1540839885099	2
1540839885094	8
1540839885100	2
1540839885101	3
1540839885103	6
1540839885104	7
1540839885102	10
1540839885109	5
1540839885111	7
1540839885112	6
1540839885119	2
1540839885114	7
1540839885118	7
1540839885125	2
1540839885125	3
1540839885126	2
1540839885128	2
1540839885128	3
1540839885127	6
1540839885130	7
1540839885131	8
1540839885137	5
1540839885137	7
1540839885139	7
1540839885144	5
1540839885144	7
1540839885146	7
1540839885151	3
1540839885152	2
1540839885153	3
1540839885154	2
1540839885154	3
1540839885156	2
1540839885156	7
1540839885157	8
1540839885158	7
1540839885163	6
1540839885166	6
1540839885170	5
1540839885166	9
1540839885175	2
1540839885172	6
1540839885177	3
1540839885178	3
1540839885175	7
1540839885181	2
1540839885182	2
1540839885184	2
1540839885180	7
1540839885183	7
1540839885187	7
1540839885187	7
1540839885190	9
1540839885199	7
1540839885200	8
1540839885201	8
1540839885208	2
1540839885209	2
1540839885206	6
1540839885210	3
1540839885211	3
1540839885212	3
1540839885215	3
1540839885213	6
1540839885214	5
1540839885218	7
1540839885219	6
1540839885219	6
1540839885227	7
1540839885228	7
1540839885228	7
1540839885235	2
1540839885235	2
1540839885237	2
1540839885237	3
1540839885234	6
1540839885240	2
1540839885239	6
1540839885240	7
1540839885246	2
1540839885247	7
1540839885248	7
1540839885246	9
1540839885254	6
1540839885255	6
1540839885255	6
1540839885260	2
1540839885261	2
1540839885263	2
1540839885263	2
1540839885261	5
1540839885266	2
1540839885265	5
1540839885268	3
1540839885265	8
1540839885270	7
1540839885273	6
1540839885271	9
1540839885277	6
1540839885283	2
1540839885279	7
1540839885280	7
1540839885285	2
1540839885286	5
1540839885287	6
1540839885287	6
1540839885291	2
1540839885293	2
1540839885295	2
1540839885294	6
1540839885294	8
1540839885300	6
1540839885297	9
1540839885302	6
1540839885306	2
1540839885308	2
1540839885306	7
1540839885308	6
1540839885314	2
1540839885311	6
1540839885316	2
1540839885313	6
1540839885319	2
1540839885317	5
1540839885321	2
1540839885318	6
1540839885322	5
1540839885323	6
1540839885327	2
1540839885324	7
1540839885330	2
1540839885329	5
1540839885331	6
1540839885334	7
1540839885334	6
1540839885340	3
1540839885341	2
1540839885343	2
1540839885343	2
1540839885341	5
1540839885345	7
1540839885345	7
1540839885346	7
1540839885353	2
1540839885355	3
1540839885352	6
1540839885352	7
1540839885358	7
1540839885358	8
1540839885365	2
1540839885367	2
1540839885359	11
1540839885366	5
1540839885370	2
1540839885372	2
1540839885369	8
1540839885371	6
1540839885377	3
1540839885374	7
1540839885380	2
1540839885377	6
1540839885381	5
1540839885382	6
1540839885383	7
1540839885390	2
1540839885386	7
1540839885388	6
1540839885392	2
1540839885393	2
1540839885395	2
1540839885394	6
1540839885394	8
1540839885400	2
1540839885397	7
1540839885403	2
1540839885402	5
1540839885404	6
1540839885405	5
1540839885407	6
1540839885413	2
1540839885410	6
1540839885411	6
1540839885415	3
1540839885416	3
1540839885419	2
1540839885417	5
1540839885418	6
1540839885422	2
1540839885421	5
1540839885424	3
1540839885424	7
1540839885426	6
1540839885431	6
1540839885427	10
1540839885432	6
1540839885437	2
1540839885438	2
1540839885439	2
1540839885437	6
1540839885440	3
1540839885441	8
1540839885443	6
1540839885443	6
1540839885459	2
1540839885461	3
1540839885458	8
1540839885458	8
1540839885464	6
1540839885466	7
1540839885467	8
1540839885474	2
1540839885475	2
1540839885476	2
1540839885473	6
1540839885479	2
1540839885479	6
1540839885480	6
1540839885481	5
1540839885486	2
1540839885488	2
1540839885485	6
1540839885486	6
1540839885490	7
1540839885497	5
1540839885502	2
1540839885497	8
1540839885504	2
1540839885491	17
1540839885505	5
1540839885508	3
1540839885510	2
1540839885511	2
1540839885506	7
1540839885512	2
1540839885513	5
1540839885513	5
1540839885515	6
1540839885518	7
1540839885518	9
1540839885521	6
1540839885527	2
1540839885525	5
1540839885529	2
1540839885530	2
1540839885527	6
1540839885532	2
1540839885531	6
1540839885537	2
1540839885539	2
1540839885537	6
1540839885538	7
1540839885544	6
1540839885544	7
1540839885545	7
1540839885559	2
1540839885561	3
1540839885558	7
1540839885559	7
1540839885566	2
1540839885564	6
1540839885569	2
1540839885565	7
1540839885572	2
1540839885570	5
1540839885571	9
1540839885574	7
1540839885575	6
1540839885581	3
1540839885580	5
1540839885584	2
1540839885581	6
1540839885585	7
1540839885586	7
1540839885587	6
1540839885602	2
1540839885604	3
1540839885603	7
1540839885602	7
1540839885610	2
1540839885612	2
1540839885609	6
1540839885610	6
1540839885616	2
1540839885614	6
1540839885615	6
1540839885620	3
1540839885621	5
1540839885621	6
1540839885623	6
1540839885630	2
1540839885632	2
1540839885629	7
1540839885630	6
1540839885636	2
1540839885638	2
1540839885634	6
1540839885636	6
1540839885642	2
1540839885640	5
1540839885644	3
1540839885640	7
1540839885645	5
1540839885647	6
1540839885647	7
1540839885650	7
1540839885653	6
1540839885657	3
1540839885657	3
1540839885660	2
1540839885660	2
1540839885659	7
1540839885662	6
1540839885666	2
1540839885662	7
1540839885668	3
1540839885668	6
1540839885669	6
1540839885671	6
1540839885677	5
1540839885678	6
1540839885682	2
1540839885678	8
1540839885684	2
1540839885684	3
1540839885686	7
1540839885686	8
1540839885687	7
1540839885694	2
1540839885696	2
1540839885693	6
1540839885694	7
1540839885698	7
1540839885699	8
1540839885701	6
1540839885707	2
1540839885707	6
1540839885705	9
1540839885709	5
1540839885713	2
1540839885715	2
1540839885714	6
1540839885714	6
1540839885717	5
1540839885720	3
1540839885720	5
1540839885723	5
1540839885722	7
1540839885725	7
1540839885729	5
1540839885734	2
1540839885728	15
1540839885732	11
1540839885736	9
1540839885754	3
1540839885754	7
1540839885755	8
1540839885757	6
1540839885761	8
1540839885763	7
1540839885769	11
1540839885763	17
1540839885770	10
1540839885780	3
1540839885781	5
1540839885786	2
1540839885780	9
1540839885789	2
1540839885783	8
1540839885791	2
1540839885788	5
1540839885791	7
1540839885793	7
1540839885793	7
1540839885798	6
1540839885800	6
1540839885804	3
1540839885800	7
1540839885806	2
1540839885807	2
1540839885809	2
1540839885807	6
1540839885809	5
1540839885813	2
1540839885811	6
1540839885815	2
1540839885814	5
1540839885817	5
1540839885817	7
1540839885819	8
1540839885822	6
1540839885827	2
1540839885824	6
1540839885828	3
1540839885829	4
1540839885831	3
1540839885830	6
1540839885833	5
1540839885834	5
1540839885836	2
1540839885839	2
1540839885838	11
1540839885839	10
1540839885842	8
1540839885849	6
1540839885850	8
1540839885849	9
1540839885858	2
1540839885855	6
1540839885860	2
1540839885861	2
1540839885858	5
1540839885864	2
1540839885866	2
1540839885863	6
1540839885863	6
1540839885868	6
1540839885870	5
1540839885869	7
1540839885874	5
1540839885875	7
1540839885876	7
1540839885882	2
1540839885879	6
1540839885883	2
1540839885884	2
1540839885885	2
1540839885886	2
1540839885887	2
1540839885886	6
1540839885888	5
1540839885889	7
1540839885892	5
1540839885893	5
1540839885896	5
1540839885897	6
1540839885898	6
1540839885903	3
1540839885904	2
1540839885902	4
1540839885906	2
1540839885906	2
1540839885906	3
1540839885909	2
1540839885908	6
1540839885908	7
1540839885911	6
1540839885914	8
1540839885915	8
1540839885917	6
1540839885922	7
1540839885923	6
1540839885923	6
1540839885929	2
1540839885929	2
1540839885929	3
1540839885931	2
1540839885931	3
1540839885932	2
1540839885933	6
1540839885934	7
1540839885934	8
1540839885939	7
1540839885941	7
1540839885942	7
1540839885946	7
1540839885948	6
1540839885949	6
1540839885953	2
1540839885955	2
1540839885955	2
1540839885955	3
1540839885957	2
1540839885957	5
1540839885958	6
1540839885959	7
1540839885962	6
1540839885964	6
1540839885966	6
1540839885968	6
1540839885970	7
1540839885973	6
1540839885974	6
1540839885980	2
1540839885981	2
1540839885981	2
1540839885988	2
1540839885989	2
1540839885989	3
1540839885991	6
1540839885992	6
1540839885990	8
1540839885997	5
1540839885998	7
1540839885998	8
1540839886002	6
1540839886005	5
1540839886008	2
1540839886010	2
1540839886010	3
1540839886006	8
1540839886012	2
1540839886014	2
1540839886016	2
1540839886013	5
1540839886014	6
1540839886018	4
1540839886018	7
1540839886020	5
1540839886022	6
1540839886025	5
1540839886025	5
1540839886030	2
1540839886031	2
1540839886028	5
1540839886042	2
1540839886042	3
1540839886042	2
1540839886045	2
1540839886044	7
1540839886045	8
1540839886047	6
1540839886051	7
1540839886053	6
1540839886053	6
1540839886058	4
1540839886062	3
1540839886060	6
1540839886060	7
1540839886065	2
1540839886066	2
1540839886067	2
1540839886069	2
1540839886070	2
1540839886067	6
1540839886071	7
1540839886072	6
1540839886073	5
1540839886078	6
1540839886078	8
1540839886079	7
1540839886087	2
1540839886086	7
1540839886087	8
1540839886093	2
1540839886093	2
1540839886095	2
1540839886095	2
1540839886097	2
1540839886096	6
1540839886097	5
1540839886102	6
1540839886102	7
1540839886102	7
1540839886109	5
1540839886109	7
1540839886109	7
1540839886116	2
1540839886116	2
1540839886118	2
1540839886118	3
1540839886114	8
1540839886122	2
1540839886120	6
1540839886124	3
1540839886121	6
1540839886126	6
1540839886127	6
1540839886127	6
1540839886132	5
1540839886133	6
1540839886134	5
1540839886137	3
1540839886140	2
1540839886139	7
1540839886145	2
1540839886145	2
1540839886147	7
1540839886146	8
1540839886147	9
1540839886154	3
1540839886154	6
1540839886157	5
1540839886156	6
1540839886160	6
1540839886166	2
1540839886162	7
1540839886162	7
1540839886168	2
1540839886169	2
1540839886171	2
1540839886169	5
1540839886174	2
1540839886171	6
1540839886176	2
1540839886173	6
1540839886177	5
1540839886178	6
1540839886179	7
1540839886182	6
1540839886184	6
1540839886188	3
1540839886186	6
1540839886191	2
1540839886192	2
1540839886194	2
1540839886190	7
1540839886193	9
1540839886197	5
1540839886196	7
1540839886202	3
1540839886202	6
1540839886205	5
1540839886203	7
1540839886208	5
1540839886213	2
1540839886210	7
1540839886210	8
1540839886215	3
1540839886217	2
1540839886219	2
1540839886218	6
1540839886218	6
1540839886224	2
1540839886226	2
1540839886222	7
1540839886224	6
1540839886228	6
1540839886229	5
1540839886230	7
1540839886237	2
1540839886234	6
1540839886234	6
1540839886239	4
1540839886240	3
1540839886243	2
1540839886240	6
1540839886246	2
1540839886248	2
1540839886243	7
1540839886245	6
1540839886250	6
1540839886250	8
1540839886251	7
1540839886256	6
1540839886258	6
1540839886264	2
1540839886266	2
1540839886258	15
1540839886268	9
1540839886262	16
1540839886273	5
1540839886278	2
1540839886278	2
1540839886280	2
1540839886277	5
1540839886280	7
1540839886282	6
1540839886282	7
1540839886289	2
1540839886291	2
1540839886287	6
1540839886288	6
1540839886293	5
1540839886294	5
1540839886293	6
1540839886299	2
1540839886299	2
1540839886301	2
1540839886302	2
1540839886298	7
1540839886303	6
1540839886304	6
1540839886305	5
1540839886310	2
1540839886312	2
1540839886309	6
1540839886310	5
1540839886314	7
1540839886315	6
1540839886315	7
1540839886321	2
1540839886322	2
1540839886323	2
1540839886321	5
1540839886324	2
1540839886325	5
1540839886334	7
1540839886334	7
1540839886334	7
1540839886341	5
1540839886350	3
1540839886353	2
1540839886350	7
1540839886353	6
1540839886357	3
1540839886359	2
1540839886355	7
1540839886360	2
1540839886370	2
1540839886370	7
1540839886372	5
1540839886370	8
1540839886377	4
1540839886377	6
1540839886386	2
1540839886388	2
1540839886386	6
1540839886386	7
1540839886393	2
1540839886390	6
1540839886395	2
1540839886392	5
1540839886397	2
1540839886396	6
1540839886397	5
1540839886406	3
1540839886406	7
1540839886409	6
1540839886406	9
1540839886413	2
1540839886415	2
1540839886415	6
1540839886417	5
1540839886415	8
1540839886421	4
1540839886430	2
1540839886430	3
1540839886432	2
1540839886433	2
1540839886430	6
1540839886434	6
1540839886435	7
1540839886436	7
1540839886443	2
1540839886442	7
1540839886440	9
1540839886445	5
1540839886449	5
1540839886449	7
1540839886450	6
1540839886454	2
1540839886456	2
1540839886456	2
1540839886456	6
1540839886470	2
1540839886470	6
1540839886470	7
1540839886472	5
1540839886477	2
1540839886476	5
1540839886479	2
1540839886477	6
1540839886481	5
1540839886481	5
1540839886486	2
1540839886483	6
1540839886488	2
1540839886489	2
1540839886487	5
1540839886491	2
1540839886490	6
1540839886492	6
1540839886493	5
1540839886498	2
1540839886500	2
1540839886496	6
1540839886498	6
1540839886502	6
1540839886504	6
1540839886502	8
1540839886510	2
1540839886510	2
1540839886508	5
1540839886512	2
1540839886512	2
1540839886513	7
1540839886514	8
1540839886514	8
1540839886520	3
1540839886523	2
1540839886522	6
1540839886522	14
1540839886525	12
1540839886528	15
1540839886537	8
1540839886536	9
1540839886543	3
1540839886545	2
1540839886546	2
1540839886547	3
1540839886545	5
1540839886550	9
1540839886548	12
1540839886550	11
1540839886561	2
1540839886559	8
1540839886560	9
1540839886563	7
1540839886567	6
1540839886569	5
1540839886573	3
1540839886570	6
1540839886574	3
1540839886576	3
1540839886577	2
1540839886577	5
1540839886582	2
1540839886579	6
1540839886579	7
1540839886584	2
1540839886585	7
1540839886586	7
1540839886586	7
1540839886592	5
1540839886593	6
1540839886593	7
1540839886597	3
1540839886600	2
1540839886600	2
1540839886602	2
1540839886599	6
1540839886605	2
1540839886602	6
1540839886604	6
1540839886607	3
1540839886609	5
1540839886610	5
1540839886610	8
1540839886614	6
1540839886622	2
1540839886624	2
1540839886622	6
1540839886622	8
1540839886628	2
1540839886630	2
1540839886626	7
1540839886630	6
1540839886633	5
1540839886632	6
1540839886636	3
1540839886639	2
1540839886638	6
1540839886641	5
1540839886638	8
1540839886644	3
1540839886647	2
1540839886646	6
1540839886649	5
1540839886646	9
1540839886652	3
1540839886655	2
1540839886654	6
1540839886655	7
1540839886657	6
1540839886662	2
1540839886660	5
1540839886664	2
1540839886665	2
1540839886663	5
1540839886667	2
1540839886666	6
1540839886669	5
1540839886668	6
1540839886678	7
1540839886678	7
1540839886678	8
1540839886685	2
1540839886685	5
1540839886686	6
1540839886690	2
1540839886687	7
1540839886692	2
1540839886692	3
1540839886694	2
1540839886694	6
1540839886695	7
1540839886696	6
1540839886700	5
1540839886705	3
1540839886702	7
1540839886703	6
1540839886708	3
1540839886709	5
1540839886709	6
1540839886714	2
1540839886715	2
1540839886711	6
1540839886716	2
1540839886717	2
1540839886717	6
1540839886726	6
1540839886726	7
1540839886726	7
1540839886733	2
1540839886733	4
1540839886735	3
1540839886732	6
1540839886737	7
1540839886738	6
1540839886738	6
1540839886750	2
1540839886750	2
1540839886752	2
1540839886752	2
1540839886754	6
1540839886750	11
1540839886754	7
1540839886760	6
1540839886761	6
1540839886761	6
1540839886767	2
1540839886769	2
1540839886766	6
1540839886767	6
1540839886772	2
1540839886773	2
1540839886774	3
1540839886771	6
1540839886775	2
1540839886777	5
1540839886777	6
1540839886777	7
1540839886783	7
1540839886783	8
1540839886784	8
1540839886792	2
1540839886794	2
1540839886790	6
1540839886791	6
1540839886796	2
1540839886797	2
1540839886798	3
1540839886796	5
1540839886799	2
1540839886801	5
1540839886801	6
1540839886801	7
1540839886806	4
1540839886810	2
1540839886807	6
1540839886808	7
1540839886815	2
1540839886815	7
1540839886817	6
1540839886816	8
1540839886822	2
1540839886824	2
1540839886824	2
1540839886826	5
1540839886823	9
1540839886826	7
1540839886832	5
1540839886831	7
1540839886833	5
1540839886837	2
1540839886839	2
1540839886838	6
1540839886838	8
1540839886844	2
1540839886841	6
1540839886846	2
1540839886846	6
1540839886847	7
1540839886848	7
1540839886852	3
1540839886855	2
1540839886854	6
1540839886855	7
1540839886857	6
1540839886860	3
1540839886863	2
1540839886862	6
1540839886865	5
1540839886863	7
1540839886868	2
1540839886871	2
1540839886870	7
1540839886873	6
1540839886871	8
1540839886879	2
1540839886877	4
1540839886881	2
1540839886882	1
1540839886879	6
1540839886884	2
1540839886883	6
1540839886885	6
1540839886886	5
1540839886891	2
1540839886889	6
1540839886893	2
1540839886891	6
1540839886895	6
1540839886895	7
1540839886897	5
1540839886901	2
1540839886902	2
1540839886904	2
1540839886904	2
1540839886902	5
1540839886906	7
1540839886906	9
1540839886907	8
1540839886915	2
1540839886913	5
1540839886917	2
1540839886915	6
1540839886918	5
1540839886919	6
1540839886921	10
1540839886925	12
1540839886931	6
1540839886923	14
1540839886937	2
1540839886937	2
1540839886937	4
1540839886941	2
1540839886939	6
1540839886943	2
1540839886939	7
1540839886945	5
1540839886945	7
1540839886946	8
1540839886950	4
1540839886955	2
1540839886957	2
1540839886952	7
1540839886954	5
1540839886966	7
1540839886966	8
1540839886966	8
1540839886973	5
1540839886982	2
1540839886982	2
1540839886984	2
1540839886982	6
1540839886984	5
1540839886988	2
1540839886986	6
1540839886990	2
1540839886989	5
1540839886992	5
1540839886992	6
1540839886994	6
1540839886997	5
1540839887000	2
1540839886998	6
1540839887002	2
1540839887003	2
1540839887004	2
1540839887004	6
1540839887005	7
1540839887010	2
1540839887006	8
1540839887012	2
1540839887012	6
1540839887014	7
1540839887014	7
1540839887018	7
1540839887021	6
1540839887021	6
1540839887025	3
1540839887027	3
1540839887028	3
1540839887027	6
1540839887030	3
1540839887033	2
1540839887031	6
1540839887035	2
1540839887033	5
1540839887037	5
1540839887037	5
1540839887038	7
1540839887042	6
1540839887042	8
1540839887045	5
1540839887048	2
1540839887050	2
1540839887050	2
1540839887052	2
1540839887050	4
1540839887055	1
1540839887057	2
1540839887052	7
1540839887054	5
1540839887059	6
1540839887059	6
1540839887059	7
1540839887065	5
1540839887066	5
1540839887066	5
1540839887071	2
1540839887071	2
1540839887073	2
1540839887070	5
1540839887073	2
1540839887075	2
1540839887077	2
1540839887075	6
1540839887075	8
1540839887079	6
1540839887081	6
1540839887083	6
1540839887085	6
1540839887087	6
1540839887093	2
1540839887089	6
1540839887095	2
1540839887095	2
1540839887091	6
1540839887097	2
1540839887098	1
1540839887099	2
1540839887097	5
1540839887099	6
1540839887102	5
1540839887101	7
1540839887105	5
1540839887107	7
1540839887114	2
1540839887116	2
1540839887114	7
1540839887114	7
1540839887123	2
1540839887125	2
1540839887123	6
1540839887123	6
1540839887127	6
1540839887129	5
1540839887137	2
1540839887139	2
1540839887137	5
1540839887137	6
1540839887143	2
1540839887145	2
1540839887141	7
1540839887143	8
1540839887151	2
1540839887147	6
1540839887148	6
1540839887153	2
1540839887153	5
1540839887154	6
1540839887155	7
1540839887160	2
1540839887162	2
1540839887158	7
1540839887165	2
1540839887162	6
1540839887167	2
1540839887164	5
1540839887169	5
1540839887169	6
1540839887168	8
1540839887176	2
1540839887178	2
1540839887174	6
1540839887175	6
1540839887181	2
1540839887180	5
1540839887183	2
1540839887180	6
1540839887186	2
1540839887185	5
1540839887188	2
1540839887185	6
1540839887190	6
1540839887190	7
1540839887191	7
1540839887197	2
1540839887199	2
1540839887198	4
1540839887196	8
1540839887202	2
1540839887204	2
1540839887201	6
1540839887204	6
1540839887210	2
1540839887206	7
1540839887207	6
1540839887222	2
1540839887222	6
1540839887224	5
1540839887222	7
1540839887229	2
1540839887228	6
1540839887232	2
1540839887229	5
1540839887234	2
1540839887236	2
1540839887234	6
1540839887234	7
1540839887241	2
1540839887238	6
1540839887243	2
1540839887240	6
1540839887244	6
1540839887249	7
1540839887251	6
1540839887249	8
1540839887257	2
1540839887257	2
1540839887259	2
1540839887259	2
1540839887257	5
1540839887261	5
1540839887261	6
1540839887262	5
1540839887267	2
1540839887269	2
1540839887267	6
1540839887267	7
1540839887271	8
1540839887273	8
1540839887274	7
1540839887281	2
1540839887281	2
1540839887279	6
1540839887283	2
1540839887283	2
1540839887285	4
1540839887285	6
1540839887285	6
1540839887290	2
1540839887298	2
1540839887298	8
1540839887298	16
1540839887300	14
1540839887306	12
1540839887314	6
1540839887314	6
1540839887318	2
1540839887320	2
1540839887321	1
1540839887322	3
1540839887320	6
1540839887323	5
1540839887326	2
1540839887325	5
1540839887328	2
1540839887328	6
1540839887330	6
1540839887330	6
1540839887334	6
1540839887336	6
1540839887336	6
1540839887346	2
1540839887346	2
1540839887348	2
1540839887348	2
1540839887346	6
1540839887352	2
1540839887350	6
1540839887354	2
1540839887350	7
1540839887356	5
1540839887356	5
1540839887357	4
1540839887361	5
1540839887361	5
1540839887361	6
1540839887366	2
1540839887366	2
1540839887368	2
1540839887368	3
1540839887367	6
1540839887370	4
1540839887371	5
1540839887382	2
1540839887384	2
1540839887382	6
1540839887382	8
1540839887386	6
1540839887388	6
1540839887394	2
1540839887390	6
1540839887396	2
1540839887392	6
1540839887396	2
1540839887398	2
1540839887398	4
1540839887398	5
1540839887403	3
1540839887400	6
1540839887406	2
1540839887402	7
1540839887406	6
1540839887408	6
1540839887409	7
1540839887412	6
1540839887416	3
1540839887419	2
1540839887418	3
1540839887414	8
1540839887421	2
1540839887421	6
1540839887422	10
1540839887423	10
1540839887427	6
1540839887433	2
1540839887433	5
1540839887433	7
1540839887442	2
1540839887442	2
1540839887444	2
1540839887442	6
1540839887444	6
1540839887448	2
1540839887450	2
1540839887446	7
1540839887450	5
1540839887453	4
1540839887453	6
1540839887455	8
1540839887463	2
1540839887457	9
1540839887459	7
1540839887465	2
1540839887466	3
1540839887469	2
1540839887466	6
1540839887467	6
1540839887472	2
1540839887474	2
1540839887471	8
1540839887473	7
1540839887476	6
1540839887479	6
1540839887480	7
1540839887482	7
1540839887487	2
1540839887485	6
1540839887489	2
1540839887491	2
1540839887489	5
1540839887493	2
1540839887494	2
1540839887492	5
1540839887496	2
1540839887495	6
1540839887498	4
1540839887498	6
1540839887501	5
1540839887502	6
1540839887504	5
1540839887508	5
1540839887507	6
1540839887513	2
1540839887513	2
1540839887515	2
1540839887509	8
1540839887517	2
1540839887515	6
1540839887519	2
1540839887517	5
1540839887521	5
1540839887521	6
1540839887522	5
1540839887526	6
1540839887527	6
1540839887527	6
1540839887532	2
1540839887533	2
1540839887534	2
1540839887535	2
1540839887533	4
1540839887537	2
1540839887539	2
1540839887536	6
1540839887537	7
1540839887541	5
1540839887542	5
1540839887544	6
1540839887546	7
1540839887547	8
1540839887550	5
1540839887555	2
1540839887555	2
1540839887553	5
1540839887557	2
1540839887557	2
1540839887558	2
1540839887560	2
1540839887559	6
1540839887559	7
1540839887562	7
1540839887565	5
1540839887566	8
1540839887569	7
1540839887570	6
1540839887574	4
1540839887576	2
1540839887578	2
1540839887578	3
1540839887576	6
1540839887581	1
1540839887582	2
1540839887584	2
1540839887580	8
1540839887583	5
1540839887586	4
1540839887598	6
1540839887598	7
1540839887598	7
1540839887604	6
1540839887605	6
1540839887605	6
1540839887611	2
1540839887611	2
1540839887611	2
1540839887613	2
1540839887613	2
1540839887613	2
1540839887615	6
1540839887615	7
1540839887615	7
1540839887621	6
1540839887622	7
1540839887622	8
1540839887627	7
1540839887629	7
1540839887630	6
1540839887634	2
1540839887636	2
1540839887636	2
1540839887636	2
1540839887638	1
1540839887638	2
1540839887638	6
1540839887639	7
1540839887640	7
1540839887644	5
1540839887646	6
1540839887649	5
1540839887647	7
1540839887654	2
1540839887652	5
1540839887656	2
1540839887657	2
1540839887654	6
1540839887659	2
1540839887660	2
1540839887658	6
1540839887662	2
1540839887661	5
1540839887664	7
1540839887664	7
1540839887671	6
1540839887671	7
1540839887666	12
1540839887678	1
1540839887679	2
1540839887677	5
1540839887678	5
1540839887682	2
1540839887683	1
1540839887684	2
1540839887684	2
1540839887681	6
1540839887686	6
1540839887687	6
1540839887686	7
1540839887692	5
1540839887693	6
1540839887693	6
1540839887699	2
1540839887697	5
1540839887701	2
1540839887699	9
1540839887702	7
1540839887703	6
1540839887708	2
1540839887709	2
1540839887710	2
1540839887709	5
1540839887711	6
1540839887712	7
1540839887714	5
1540839887719	3
1540839887717	5
1540839887722	2
1540839887719	6
1540839887722	5
1540839887727	2
1540839887724	6
1540839887729	2
1540839887725	7
1540839887732	2
1540839887730	5
1540839887734	2
1540839887731	6
1540839887742	6
1540839887742	8
1540839887742	8
1540839887748	3
1540839887751	2
1540839887750	5
1540839887750	8
1540839887753	5
1540839887758	2
1540839887755	8
1540839887766	2
1540839887766	3
1540839887769	2
1540839887766	6
1540839887772	22
1540839887768	26
1540839887771	24
1540839887794	3
1540839887797	2
1540839887794	7
1540839887795	7
1540839887799	6
1540839887801	5
1540839887802	5
1540839887814	2
1540839887814	2
1540839887816	2
1540839887816	2
1540839887813	7
1540839887818	6
1540839887820	6
1540839887818	8
1540839887826	2
1540839887824	6
1540839887828	2
1540839887826	5
1540839887830	6
1540839887830	6
1540839887831	6
1540839887836	2
1540839887837	2
1540839887838	2
1540839887839	2
1540839887837	4
1540839887840	6
1540839887841	6
1540839887841	6
1540839887847	2
1540839887849	2
1540839887846	6
1540839887847	7
1540839887852	5
1540839887851	6
1540839887857	2
1540839887854	6
1540839887859	2
1540839887860	2
1540839887857	5
1540839887862	1
1540839887861	6
1540839887862	5
1540839887867	2
1540839887864	6
1540839887869	2
1540839887867	6
1540839887870	5
1540839887871	6
1540839887873	6
1540839887875	6
1540839887879	3
1540839887877	6
1540839887881	2
1540839887882	1
1540839887890	2
1540839887890	8
1540839887892	7
1540839887890	9
1540839887898	2
1540839887900	2
1540839887899	6
1540839887899	6
1540839887902	6
1540839887908	6
1540839887905	5
1540839887905	7
1540839887914	2
1540839887914	2
1540839887916	2
1540839887916	2
1540839887914	5
1540839887919	2
1540839887921	2
1540839887918	6
1540839887918	7
1540839887923	6
1540839887925	6
1540839887925	6
1540839887934	6
1540839887940	2
1540839887942	2
1540839887938	6
1540839887934	11
1540839887944	2
1540839887946	2
1540839887944	5
1540839887945	4
1540839887949	2
1540839887948	5
1540839887951	2
1540839887949	5
1540839887953	5
1540839887953	6
1540839887954	5
1540839887959	2
1540839887961	2
1540839887958	6
1540839887959	6
1540839887964	2
1540839887966	2
1540839887963	7
1540839887965	6
1540839887972	1
1540839887968	6
1540839887970	5
1540839887973	2
1540839887982	7
1540839887982	9
1540839887982	9
1540839887991	2
1540839887989	4
1540839887993	2
1540839887993	2
1540839887995	2
1540839887991	6
1540839887995	6
1540839887997	5
1540839887997	6
1540839888002	2
1540839888001	5
1540839888005	1
1540839888003	7
1540839888006	7
1540839888006	8
1540839888013	2
1540839888010	7
1540839888015	2
1540839888017	2
1540839888014	6
1540839888019	2
1540839888017	5
1540839888020	5
1540839888021	5
1540839888025	2
1540839888027	2
1540839888022	7
1540839888026	6
1540839888029	5
1540839888029	5
1540839888034	2
1540839888032	5
1540839888036	3
1540839888034	5
1540839888037	3
1540839888040	1
1540839888039	5
1540839888045	1
1540839888041	6
1540839888039	8
1540839888046	2
1540839888047	5
1540839888048	5
1540839888047	12
1540839888052	7
1540839888059	2
1540839888053	10
1540839888061	3
1540839888059	5
1540839888064	2
1540839888064	5
1540839888063	8
1540839888066	5
1540839888069	5
1540839888071	4
1540839888075	1
1540839888071	10
1540839888077	9
1540839888074	12
1540839888086	2
1540839888081	7
1540839888086	7
1540839888088	8
1540839888094	6
1540839888088	14
1540839888096	6
1540839888100	2
1540839888102	2
1540839888102	3
1540839888104	2
1540839888102	5
1540839888106	7
1540839888107	8
1540839888105	10
1540839888115	2
1540839888117	2
1540839888114	6
1540839888115	6
1540839888119	6
1540839888121	5
1540839888120	6
1540839888126	2
1540839888126	2
1540839888128	1
1540839888128	2
1540839888125	5
1540839888129	7
1540839888130	7
1540839888130	7
1540839888137	2
1540839888139	2
1540839888136	6
1540839888137	5
1540839888141	5
1540839888142	7
1540839888142	7
1540839888149	2
1540839888149	2
1540839888146	6
1540839888154	5
1540839888154	7
1540839888159	9
1540839888161	9
1540839888154	16
1540839888170	2
1540839888168	6
1540839888172	2
1540839888170	5
1540839888174	5
1540839888179	2
1540839888174	8
1540839888175	7
1540839888181	2
1540839888182	2
1540839888184	2
1540839888182	5
1540839888183	6
1540839888186	6
1540839888187	7
1540839888189	6
1540839888194	2
1540839888192	6
1540839888196	2
1540839888195	6
1540839888198	5
1540839888201	2
1540839888203	1
1540839888198	7
1540839888203	2
1540839888204	2
1540839888205	4
1540839888205	5
1540839888206	7
1540839888209	6
1540839888215	5
1540839888214	6
1540839888220	2
1540839888215	10
1540839888220	5
1540839888226	1
1540839888225	5
1540839888227	3
1540839888225	5
1540839888230	3
1540839888230	7
1540839888230	14
1540839888244	6
1540839888251	14
1540839888265	6
1540839888271	2
1540839888273	11
1540839888284	6
1540839888290	10
1540839888237	64
1540839888237	64
1540839888300	2
1540839888302	2
1540839888301	4
1540839888301	6
1540839888305	2
1540839888304	6
1540839888307	6
1540839888310	7
1540839888307	11
1540839888313	5
1540839888318	3
1540839888317	4
1540839888318	8
1540839888321	8
1540839888321	8
1540839888329	2
1540839888326	6
1540839888332	2
1540839888329	6
1540839888334	2
1540839888331	9
1540839888335	7
1540839888336	6
1540839888340	5
1540839888342	6
1540839888345	5
1540839888342	8
1540839888348	3
1540839888350	6
1540839888351	5
1540839888350	7
1540839888356	2
1540839888357	2
1540839888358	2
1540839888356	5
1540839888359	6
1540839888360	8
1540839888361	8
1540839888365	5
1540839888368	6
1540839888370	7
1540839888369	8
1540839888374	5
1540839888377	2
1540839888377	2
1540839888379	2
1540839888379	2
1540839888379	3
1540839888381	2
1540839888381	6
1540839888382	8
1540839888383	7
1540839888387	6
1540839888390	7
1540839888390	9
1540839888393	6
1540839888397	5
1540839888402	3
1540839888402	5
1540839888405	3
1540839888407	2
1540839888400	11
1540839888411	2
1540839888408	6
1540839888413	1
1540839888409	5
1540839888414	6
1540839888415	7
1540839888415	7
1540839888420	6
1540839888426	2
1540839888422	7
1540839888422	7
1540839888428	2
1540839888429	2
1540839888431	2
1540839888429	5
1540839888430	6
1540839888434	3
1540839888437	2
1540839888433	7
1540839888436	6
1540839888439	5
1540839888440	5
1540839888442	6
1540839888444	6
1540839888445	5
1540839888448	2
1540839888450	2
1540839888450	3
1540839888452	2
1540839888450	6
1540839888456	2
1540839888453	5
1540839888458	2
1540839888454	6
1540839888458	7
1540839888460	5
1540839888460	6
1540839888465	5
1540839888466	4
1540839888470	2
1540839888472	2
1540839888466	10
1540839888470	8
1540839888476	2
1540839888478	2
1540839888478	2
1540839888474	9
1540839888480	4
1540839888480	9
1540839888483	6
1540839888485	5
1540839888489	5
1540839888489	5
1540839888490	5
1540839888494	2
1540839888496	2
1540839888494	6
1540839888495	6
1540839888500	2
1540839888501	2
1540839888498	6
1540839888502	2
1540839888503	2
1540839888504	5
1540839888504	6
1540839888505	5
1540839888509	5
1540839888514	2
1540839888516	2
1540839888510	10
1540839888510	12
1540839888518	6
1540839888521	5
1540839888526	2
1540839888522	6
1540839888524	5
1540839888528	2
1540839888528	2
1540839888530	2
1540839888529	4
1540839888533	2
1540839888535	3
1540839888530	8
1540839888532	7
1540839888538	6
1540839888539	5
1540839888538	6
1540839888544	5
1540839888544	7
1540839888544	7
1540839888551	2
1540839888551	2
1540839888549	5
1540839888553	2
1540839888553	2
1540839888554	1
1540839888555	2
1540839888555	6
1540839888555	7
1540839888557	6
1540839888561	5
1540839888562	7
1540839888563	8
1540839888566	5
1540839888571	2
1540839888569	5
1540839888573	2
1540839888574	2
1540839888571	6
1540839888576	2
1540839888577	2
1540839888579	2
1540839888575	6
1540839888578	7
1540839888581	5
1540839888581	7
1540839888585	5
1540839888586	6
1540839888588	6
1540839888594	2
1540839888590	7
1540839888592	6
1540839888596	2
1540839888597	2
1540839888598	1
1540839888599	2
1540839888599	2
1540839888598	4
1540839888601	7
1540839888601	9
1540839888602	8
1540839888608	5
1540839888618	11
1540839888622	8
1540839888618	12
1540839888638	2
1540839888638	3
1540839888640	2
1540839888641	3
1540839888638	8
1540839888642	5
1540839888646	2
1540839888644	6
1540839888648	2
1540839888647	6
1540839888650	5
1540839888650	7
1540839888653	5
1540839888658	2
1540839888655	6
1540839888657	5
1540839888660	3
1540839888661	2
1540839888663	2
1540839888663	6
1540839888662	7
1540839888665	4
1540839888669	2
1540839888671	2
1540839888669	5
1540839888669	5
1540839888673	5
1540839888674	6
1540839888674	8
1540839888680	2
1540839888682	2
1540839888678	6
1540839888682	2
1540839888684	2
1540839888684	5
1540839888684	5
1540839888686	6
1540839888698	5
1540839888698	6
1540839888703	2
1540839888698	8
1540839888704	6
1540839888705	6
1540839888706	5
1540839888710	2
1540839888711	2
1540839888712	2
1540839888713	2
1540839888711	6
1540839888714	6
1540839888715	7
1540839888717	6
1540839888723	2
1540839888720	6
1540839888725	2
1540839888722	7
1540839888726	5
1540839888727	5
1540839888731	2
1540839888729	5
1540839888733	2
1540839888733	5
1540839888742	3
1540839888745	2
1540839888742	6
1540839888742	7
1540839888749	2
1540839888747	5
1540839888751	2
1540839888748	5
1540839888752	7
1540839888753	23
1540839888759	18
1540839888753	24
1540839888776	2
1540839888777	2
1540839888778	2
1540839888779	2
1540839888777	6
1540839888780	7
1540839888781	8
1540839888783	6
1540839888789	2
1540839888791	2
1540839888787	7
1540839888789	7
1540839888793	5
1540839888794	5
1540839888799	2
1540839888796	6
1540839888801	2
1540839888802	2
1540839888798	6
1540839888804	2
1540839888803	6
1540839888804	7
1540839888806	5
1540839888811	2
1540839888809	5
1540839888813	1
1540839888811	7
1540839888814	4
1540839888814	6
1540839888818	2
1540839888820	2
1540839888818	7
1540839888820	5
1540839888825	2
1540839888822	6
1540839888825	5
1540839888834	2
1540839888834	2
1540839888836	2
1540839888834	6
1540839888836	5
1540839888838	6
1540839888841	4
1540839888841	7
1540839888846	2
1540839888844	6
1540839888848	2
1540839888848	5
1540839888850	5
1540839888850	5
1540839888853	2
1540839888855	7
1540839888855	8
1540839888862	2
1540839888855	12
1540839888863	6
1540839888864	6
1540839888867	6
1540839888869	5
1540839888873	2
1540839888871	5
1540839888875	2
1540839888874	6
1540839888876	6
1540839888880	2
1540839888877	5
1540839888882	2
1540839888882	2
1540839888884	2
1540839888882	6
1540839888884	6
1540839888890	6
1540839888890	8
1540839888890	8
1540839888906	2
1540839888906	7
1540839888908	6
1540839888913	2
1540839888915	2
1540839888914	5
1540839888906	13
1540839888917	8
1540839888919	6
1540839888922	6
1540839888925	5
1540839888928	2
1540839888925	5
1540839888930	2
1540839888931	1
1540839888932	2
1540839888930	5
1540839888932	7
1540839888938	2
1540839888940	2
1540839888938	7
1540839888939	7
1540839888945	5
1540839888945	5
1540839888946	5
1540839888951	2
1540839888953	2
1540839888950	5
1540839888950	6
1540839888955	6
1540839888961	2
1540839888955	9
1540839888963	2
1540839888964	2
1540839888962	5
1540839888966	1
1540839888965	8
1540839888967	8
1540839888967	8
1540839888975	2
1540839888973	5
1540839888977	1
1540839888975	6
1540839888978	5
1540839888983	1
1540839888978	7
1540839888985	1
1540839888981	6
1540839888987	3
1540839888985	5
1540839888990	2
1540839888986	6
1540839888990	7
1540839888992	5
1540839888992	6
1540839888997	2
1540839888999	2
1540839888997	6
1540839888998	6
1540839889004	2
1540839889006	2
1540839889001	8
1540839889003	6
1540839889009	2
1540839889008	5
1540839889011	2
1540839889009	6
1540839889013	5
1540839889013	5
1540839889015	6
1540839889018	4
1540839889021	2
1540839889022	2
1540839889018	6
1540839889023	2
1540839889024	2
1540839889024	5
1540839889025	5
1540839889029	2
1540839889026	6
1540839889031	2
1540839889030	7
1540839889033	5
1540839889032	6
1540839889038	6
1540839889038	7
1540839889037	8
1540839889045	3
1540839889045	3
1540839889044	5
1540839889048	2
1540839889048	2
1540839889049	2
1540839889051	2
1540839889050	5
1540839889050	7
1540839889053	7
1540839889055	7
1540839889057	6
1540839889060	5
1540839889062	6
1540839889063	7
1540839889065	6
1540839889068	3
1540839889070	2
1540839889073	6
1540839889071	1
1540839889071	8
1540839889079	5
1540839889079	6
1540839889079	10
1540839889085	5
1540839889084	7
1540839889089	5
1540839889090	6
1540839889091	7
1540839889096	2
1540839889098	2
1540839889094	6
1540839889098	6
1540839889101	6
1540839889107	2
1540839889100	9
1540839889105	6
1540839889109	5
1540839889121	14
1540839889135	7
1540839889142	16
1540839889117	41
1540839889158	6
1540839889121	45
1540839889158	8
1540839889164	2
1540839889166	2
1540839889166	2
1540839889168	2
1540839889166	4
1540839889170	2
1540839889168	6
1540839889172	2
1540839889170	5
1540839889174	5
1540839889174	5
1540839889175	7
1540839889179	6
1540839889185	2
1540839889182	5
1540839889179	9
1540839889187	2
1540839889187	3
1540839889190	2
1540839889188	5
1540839889189	6
1540839889193	2
1540839889195	2
1540839889192	6
1540839889195	6
1540839889197	5
1540839889198	6
1540839889201	5
1540839889206	2
1540839889202	7
1540839889204	5
1540839889208	2
1540839889209	2
1540839889211	2
1540839889209	5
1540839889214	2
1540839889210	6
1540839889216	2
1540839889213	5
1540839889216	5
1540839889218	5
1540839889218	6
1540839889221	6
1540839889227	1
1540839889223	7
1540839889228	3
1540839889224	7
1540839889231	2
1540839889233	1
1540839889230	6
1540839889231	6
1540839889236	2
1540839889238	2
1540839889234	7
1540839889237	6
1540839889241	6
1540839889240	10
1540839889243	8
1540839889251	2
1540839889247	7
1540839889253	2
1540839889250	5
1540839889254	2
1540839889256	2
1540839889255	6
1540839889255	6
1540839889261	2
1540839889258	6
1540839889263	2
1540839889261	5
1540839889264	5
1540839889265	5
1540839889266	5
1540839889271	2
1540839889269	5
1540839889273	2
1540839889274	1
1540839889270	7
1540839889275	2
1540839889275	6
1540839889277	6
1540839889277	6
1540839889283	2
1540839889281	4
1540839889285	2
1540839889283	6
1540839889285	6
1540839889291	2
1540839889287	6
1540839889289	6
1540839889293	2
1540839889295	3
1540839889293	5
1540839889298	2
1540839889298	6
1540839889295	11
1540839889304	3
1540839889300	7
1540839889307	1
1540839889307	6
1540839889306	7
1540839889308	6
1540839889314	6
1540839889314	7
1540839889313	8
1540839889321	2
1540839889321	2
1540839889323	2
1540839889323	2
1540839889320	6
1540839889326	1
1540839889327	2
1540839889325	5
1540839889325	5
1540839889329	5
1540839889330	6
1540839889330	6
1540839889334	7
1540839889336	5
1540839889336	6
1540839889341	2
1540839889342	2
1540839889343	2
1540839889344	2
1540839889341	5
1540839889346	2
1540839889348	2
1540839889345	5
1540839889346	5
1540839889350	6
1540839889351	7
1540839889350	8
1540839889356	8
1540839889358	8
1540839889358	8
1540839889366	3
1540839889366	4
1540839889364	6
1540839889370	1
1540839889370	2
1540839889370	2
1540839889372	2
1540839889371	6
1540839889372	6
1540839889374	6
1540839889377	6
1540839889378	8
1540839889380	6
1540839889383	7
1540839889386	6
1540839889390	2
1540839889386	6
1540839889392	2
1540839889392	2
1540839889392	3
1540839889394	2
1540839889394	3
1540839889395	6
1540839889396	8
1540839889397	7
1540839889401	5
1540839889404	6
1540839889404	7
1540839889406	7
1540839889410	4
1540839889413	2
1540839889411	5
1540839889415	2
1540839889415	2
1540839889416	2
1540839889417	2
1540839889417	4
1540839889418	3
1540839889419	6
1540839889421	6
1540839889421	6
1540839889425	5
1540839889427	6
1540839889427	8
1540839889430	5
1540839889433	2
1540839889435	2
1540839889435	2
1540839889437	2
1540839889435	6
1540839889437	6
1540839889441	2
1540839889439	6
1540839889450	2
1540839889450	6
1540839889450	7
1540839889452	5
1540839889456	5
1540839889457	6
1540839889457	6
1540839889468	2
1540839889468	2
1540839889470	2
1540839889470	2
1540839889468	6
1540839889474	2
1540839889472	6
1540839889476	2
1540839889472	7
1540839889486	7
1540839889486	7
1540839889486	8
1540839889494	4
1540839889493	6
1540839889493	7
1540839889499	2
1540839889500	1
1540839889501	1
1540839889502	2
1540839889499	7
1540839889506	2
1540839889502	7
1540839889504	6
1540839889508	2
1540839889509	7
1540839889510	8
1540839889510	8
1540839889516	7
1540839889518	5
1540839889518	5
1540839889523	2
1540839889523	2
1540839889525	2
1540839889525	2
1540839889523	9
1540839889532	2
1540839889527	8
1540839889527	8
1540839889534	2
1540839889535	6
1540839889536	6
1540839889535	7
1540839889541	5
1540839889542	5
1540839889550	2
1540839889552	2
1540839889550	6
1540839889550	6
1540839889556	2
1540839889557	1
1540839889558	2
1540839889558	2
1540839889554	7
1540839889560	5
1540839889560	6
1540839889561	5
1540839889565	7
1540839889566	7
1540839889566	7
1540839889573	1
1540839889575	1
1540839889572	5
1540839889577	2
1540839889573	6
1540839889579	2
1540839889579	2
1540839889576	6
1540839889581	2
1540839889581	5
1540839889582	5
1540839889583	6
1540839889586	7
1540839889587	8
1540839889589	6
1540839889595	2
1540839889593	5
1540839889595	8
1540839889597	7
1540839889598	7
1540839889603	2
1540839889605	2
1540839889605	2
1540839889604	5
1540839889607	6
1540839889607	8
1540839889609	7
1540839889613	5
1540839889615	6
1540839889618	5
1540839889616	8
1540839889623	3
1540839889624	3
1540839889626	2
1540839889627	2
1540839889621	9
1540839889630	2
1540839889628	6
1540839889632	3
1540839889629	7
1540839889634	6
1540839889635	7
1540839889636	6
1540839889640	5
1540839889645	2
1540839889642	6
1540839889642	7
1540839889647	2
1540839889648	2
1540839889650	2
1540839889649	5
1540839889649	6
1540839889654	4
1540839889652	7
1540839889655	6
1540839889658	3
1540839889659	7
1540839889661	7
1540839889661	7
1540839889668	2
1540839889670	2
1540839889666	6
1540839889668	6
1540839889678	2
1540839889680	2
1540839889678	6
1540839889678	7
1540839889682	4
1540839889685	2
1540839889684	5
1540839889690	2
1540839889690	4
1540839889690	5
1540839889695	2
1540839889692	5
1540839889697	2
1540839889694	7
1540839889697	5
1540839889701	2
1540839889699	6
1540839889703	2
1540839889702	6
1540839889705	5
1540839889708	3
1540839889706	5
1540839889711	1
1540839889710	7
1540839889712	7
1540839889717	2
1540839889711	8
1540839889719	2
1540839889719	6
1540839889719	8
1540839889721	6
1540839889730	2
1540839889732	2
1540839889730	6
1540839889730	6
1540839889736	2
1540839889734	6
1540839889736	6
1540839889746	2
1540839889746	3
1540839889749	2
1540839889746	7
1540839889748	5
1540839889751	7
1540839889753	7
1540839889753	7
1540839889760	2
1540839889758	5
1540839889762	2
1540839889760	6
1540839889766	2
1540839889763	7
1540839889768	2
1540839889764	7
1540839889770	2
1540839889773	1
1540839889770	7
1540839889771	7
1540839889774	7
1540839889777	6
1540839889778	7
1540839889781	6
1540839889785	2
1540839889783	6
1540839889787	2
1540839889789	2
1540839889787	6
1540839889791	2
1540839889789	6
1540839889793	2
1540839889795	2
1540839889793	5
1540839889795	5
1540839889797	5
1540839889798	6
1540839889800	6
1540839889806	2
1540839889802	6
1540839889804	5
1540839889808	2
1540839889809	2
1540839889811	2
1540839889808	6
1540839889814	1
1540839889810	6
1540839889813	5
1540839889815	3
1540839889816	5
1540839889818	6
1540839889818	8
1540839889822	6
1540839889824	6
1540839889828	2
1540839889830	2
1540839889826	6
1540839889830	3
1540839889832	2
1540839889832	5
1540839889833	4
1540839889837	2
1540839889834	6
1540839889839	2
1540839889837	5
1540839889840	5
1540839889841	5
1540839889842	6
1540839889848	2
1540839889845	5
1540839889846	6
1540839889850	2
1540839889850	3
1540839889852	2
1540839889852	5
1540839889853	5
1540839889857	2
1540839889854	6
1540839889859	2
1540839889858	6
1540839889860	6
1540839889861	5
1540839889864	6
1540839889866	5
1540839889866	5
1540839889870	2
1540839889871	2
1540839889872	2
1540839889873	2
1540839889871	6
1540839889877	2
1540839889874	6
1540839889879	2
1540839889875	6
1540839889880	8
1540839889881	8
1540839889881	8
1540839889888	5
1540839889893	3
1540839889889	7
1540839889889	7
1540839889896	1
1540839889896	2
1540839889898	2
1540839889896	6
1540839889897	6
1540839889902	2
1540839889904	2
1540839889900	6
1540839889904	6
1540839889906	6
1540839889906	6
1540839889910	4
1540839889914	2
1540839889912	6
1540839889916	2
1540839889912	7
1540839889918	2
1540839889920	2
1540839889918	7
1540839889919	6
1540839889925	2
1540839889922	6
1540839889927	2
1540839889928	15
1540839889925	18
1540839889929	21
1540839889943	9
1540839889943	9
1540839889952	2
1540839889952	2
1540839889954	2
1540839889954	2
1540839889950	7
1540839889956	5
1540839889957	5
1540839889956	6
1540839889962	2
1540839889964	2
1540839889961	7
1540839889962	7
1540839889966	7
1540839889968	7
1540839889969	6
1540839889975	2
1540839889975	2
1540839889973	4
1540839889977	2
1540839889977	2
1540839889978	5
1540839889983	2
1540839889979	6
1540839889979	7
1540839889985	3
1540839889985	5
1540839889986	6
1540839889988	6
1540839889990	6
1540839889996	2
1540839889992	6
1540839889998	2
1540839889998	2
1540839889994	7
1540839890000	2
1540839890000	6
1540839890001	9
1540839890002	9
1540839890010	3
1540839890006	8
1540839890013	2
1540839890011	6
1540839890014	6
1540839890020	2
1540839890015	7
1540839890017	6
1540839890022	2
1540839890023	2
1540839890025	2
1540839890022	7
1540839890024	5
1540839890027	6
1540839890030	5
1540839890029	6
1540839890035	2
1540839890033	5
1540839890037	2
1540839890035	7
1540839890042	2
1540839890038	7
1540839890044	2
1540839890039	7
1540839890045	2
1540839890047	2
1540839890046	6
1540839890049	5
1540839890046	8
1540839890052	5
1540839890054	6
1540839890054	8
1540839890057	6
1540839890060	3
1540839890063	2
1540839890063	2
1540839890065	1
1540839890062	7
1540839890065	6
1540839890069	2
1540839890071	2
1540839890066	7
1540839890071	5
1540839890073	5
1540839890073	5
1540839890077	5
1540839890078	6
1540839890082	2
1540839890079	7
1540839890084	2
1540839890086	3
1540839890084	6
1540839890089	2
1540839890090	2
1540839890086	6
1540839890092	2
1540839890091	6
1540839890092	5
1540839890094	7
1540839890097	5
1540839890097	6
1540839890102	2
1540839890101	4
1540839890104	2
1540839890103	6
1540839890105	5
1540839890109	2
1540839890110	2
1540839890106	6
1540839890111	2
1540839890112	2
1540839890113	4
1540839890113	5
1540839890114	7
1540839890117	5
1540839890118	6
1540839890122	2
1540839890125	2
1540839890121	6
1540839890124	6
1540839890130	2
1540839890127	6
1540839890132	2
1540839890127	7
1540839890133	2
1540839890135	2
1540839890134	6
1540839890134	7
1540839890138	6
1540839890140	6
1540839890141	5
1540839890146	2
1540839890144	6
1540839890148	2
1540839890146	6
1540839890152	2
1540839890154	2
1540839890150	6
1540839890150	7
1540839890156	3
1540839890159	2
1540839890156	5
1540839890157	7
1540839890164	10
1540839890161	13
1540839890161	13
1540839890174	2
1540839890176	2
1540839890174	6
1540839890174	8
1540839890178	5
1540839890182	2
1540839890181	4
1540839890184	2
1540839890185	2
1540839890183	6
1540839890187	2
1540839890186	6
1540839890189	5
1540839890194	2
1540839890189	8
1540839890196	2
1540839890192	6
1540839890197	5
1540839890198	6
1540839890198	7
1540839890205	2
1540839890202	6
1540839890207	2
1540839890204	5
1540839890208	2
1540839890210	3
1540839890209	5
1540839890209	6
1540839890215	2
1540839890217	2
1540839890213	7
1540839890214	7
1540839890219	6
1540839890221	5
1540839890221	5
1540839890226	2
1540839890228	2
1540839890225	5
1540839890226	5
1540839890231	2
1540839890233	2
1540839890230	6
1540839890230	7
1540839890237	2
1540839890239	2
1540839890235	7
1540839890236	7
1540839890241	6
1540839890242	7
1540839890243	7
1540839890250	2
1540839890247	7
1540839890252	2
1540839890249	5
1540839890254	2
1540839890256	2
1540839890254	6
1540839890254	8
1540839890260	2
1540839890258	6
1540839890262	3
1540839890262	8
1540839890264	8
1540839890265	7
1540839890270	10
1540839890280	4
1540839890272	15
1540839890272	15
1540839890284	4
1540839890287	2
1540839890289	4
1540839890287	10
1540839890297	3
1540839890293	8
1540839890300	4
1540839890301	8
1540839890304	6
1540839890309	5
1540839890310	6
1540839890314	4
1540839890318	5
1540839890317	6
1540839890323	5
1540839890323	8
1540839890328	4
1540839890331	8
1540839890332	10
1540839890339	8
1540839890342	9
1540839890347	5
1540839890352	3
1540839890351	8
1540839890359	3
1540839890355	8
1540839890362	2
1540839890363	6
1540839890364	6
1540839890369	5
1540839890370	6
1540839890374	3
1540839890377	4
1540839890376	6
1540839890382	3
1540839890381	6
1540839890385	3
1540839890387	7
1540839890388	8
1540839890394	8
1540839890396	6
1540839890402	2
1540839890404	3
1540839890402	7
1540839890409	2
1540839890411	3
1540839890407	8
1540839890415	6
1540839890415	7
1540839890421	5
1540839890422	5
1540839890428	2
1540839890430	2
1540839890426	7
1540839890433	2
1540839890432	5
1540839890435	2
1540839890437	5
1540839890437	7
1540839890442	7
1540839890444	5
1540839890449	2
1540839890451	2
1540839890449	5
1540839890454	2
1540839890453	6
1540839890456	3
1540839890459	6
1540839890459	7
1540839890465	11
1540839890466	11
1540839890477	4
1540839890476	6
1540839890481	3
1540839890482	3
1540839890485	5
1540839890484	6
1540839890490	7
1540839890490	7
1540839890288	210
1540839890497	4
1540839890497	8
1540839890498	7
1540839890505	2
1540839890501	8
1540839890507	3
1540839890505	7
1540839890509	4
1540839890512	3
1540839890513	2
1540839890510	9
1540839890515	4
1540839890515	7
1540839890519	6
1540839890519	7
1540839890522	7
1540839890526	5
1540839890525	6
1540839890531	2
1540839890529	5
1540839890533	2
1540839890534	2
1540839890531	6
1540839890536	2
1540839890537	2
1540839890539	2
1540839890535	7
1540839890538	5
1540839890542	4
1540839890541	6
1540839890543	7
1540839890546	7
1540839890547	8
1540839890550	5
1540839890553	3
1540839890555	2
1540839890556	4
1540839890555	6
1540839890557	4
1540839890561	2
1540839890560	6
1540839890561	5
1540839890563	3
1540839890566	5
1540839890566	6
1540839890566	6
1540839890572	6
1540839890572	7
1540839890572	7
1540839890578	3
1540839890579	2
1540839890581	2
1540839890581	2
1540839890579	6
1540839890585	2
1540839890583	6
1540839890587	2
1540839890583	7
1540839890589	5
1540839890590	5
1540839890589	6
1540839890595	6
1540839890595	7
1540839890594	8
1540839890602	2
1540839890602	2
1540839890604	2
1540839890601	6
1540839890604	3
1540839890607	1
1540839890608	3
1540839890606	6
1540839890607	6
1540839890611	6
1540839890612	8
1540839890613	7
1540839890617	5
1540839890620	6
1540839890620	6
1540839890626	2
1540839890626	2
1540839890622	7
1540839890628	2
1540839890629	2
1540839890629	3
1540839890632	2
1540839890630	6
1540839890631	5
1540839890636	5
1540839890634	8
1540839890637	5
1540839890641	5
1540839890642	6
1540839890642	8
1540839890646	5
1540839890651	2
1540839890648	6
1540839890650	5
1540839890654	2
1540839890655	2
1540839890653	6
1540839890656	5
1540839890657	7
1540839890659	6
1540839890661	8
1540839890664	7
1540839890665	6
1540839890671	2
1540839890669	5
1540839890673	4
1540839890671	6
1540839890678	2
1540839890674	7
1540839890680	2
1540839890677	6
1540839890681	2
1540839890683	2
1540839890682	7
1540839890683	7
1540839890685	5
1540839890689	5
1540839890690	7
1540839890691	8
1540839890697	2
1540839890694	5
1540839890699	2
1540839890699	2
1540839890701	2
1540839890699	6
1540839890701	5
1540839890705	2
1540839890707	2
1540839890703	6
1540839890706	7
1540839890709	5
1540839890709	5
1540839890713	6
1540839890714	7
1540839890719	3
1540839890722	2
1540839890715	9
1540839890721	5
1540839890724	2
1540839890726	2
1540839890726	2
1540839890724	5
1540839890728	2
1540839890728	5
1540839890729	5
1540839890730	7
1540839890733	5
1540839890734	6
1540839890737	5
1540839890740	2
1540839890738	6
1540839890742	2
1540839890744	2
1540839890742	5
1540839890746	2
1540839890747	1
1540839890744	6
1540839890748	2
1540839890748	6
1540839890750	7
1540839890750	9
1540839890754	6
1540839890757	5
1540839890762	2
1540839890759	7
1540839890764	2
1540839890760	7
1540839890767	1
1540839890768	2
1540839890766	7
1540839890766	8
1540839890773	2
1540839890770	7
1540839890775	2
1540839890774	5
1540839890777	5
1540839890777	6
1540839890779	7
1540839890782	5
1540839890786	2
1540839890787	2
1540839890783	6
1540839890788	2
1540839890789	2
1540839890789	7
1540839890796	2
1540839890790	9
1540839890791	8
1540839890798	2
1540839890799	6
1540839890800	6
1540839890799	7
1540839890805	5
1540839890806	6
1540839890806	6
1540839890810	2
1540839890812	2
1540839890812	2
1540839890814	2
1540839890812	6
1540839890818	2
1540839890814	6
1540839890816	4
1540839890820	2
1540839890820	5
1540839890820	7
1540839890822	5
1540839890825	5
1540839890830	2
1540839890827	6
1540839890832	2
1540839890833	2
1540839890827	9
1540839890835	3
1540839890834	6
1540839890836	5
1540839890841	2
1540839890843	1
1540839890838	7
1540839890840	7
1540839890844	5
1540839890845	5
1540839890847	5
1540839890850	4
1540839890849	5
1540839890852	2
1540839890854	2
1540839890854	2
1540839890856	2
1540839890854	6
1540839890856	6
1540839890860	2
1540839890858	4
1540839890862	2
1540839890862	6
1540839890862	7
1540839890864	5
1540839890869	4
1540839890869	5
1540839890868	6
1540839890874	2
1540839890874	2
1540839890876	2
1540839890876	2
1540839890873	5
1540839890878	2
1540839890880	2
1540839890878	6
1540839890878	7
1540839890882	6
1540839890885	5
1540839890884	6
1540839890888	6
1540839890898	6
1540839890898	7
1540839890898	7
1540839890904	2
1540839890905	2
1540839890905	2
1540839890906	2
1540839890907	2
1540839890908	2
1540839890908	6
1540839890909	6
1540839890910	7
1540839890914	5
1540839890915	6
1540839890917	5
1540839890919	6
1540839890921	6
1540839890922	5
1540839890925	3
1540839890927	2
1540839890927	2
1540839890928	2
1540839890929	2
1540839890929	2
1540839890930	6
1540839890932	6
1540839890931	8
1540839890936	5
1540839890938	6
1540839890939	7
1540839890941	5
1540839890946	2
1540839890944	5
1540839890948	2
1540839890949	2
1540839890946	6
1540839890951	2
1540839890952	3
1540839890950	6
1540839890953	5
1540839890956	2
1540839890956	5
1540839890958	4
1540839890958	6
1540839890961	5
1540839890966	2
1540839890962	7
1540839890964	6
1540839890968	2
1540839890969	2
1540839890971	2
1540839890970	6
1540839890970	8
1540839890976	2
1540839890973	5
1540839890978	2
1540839890978	4
1540839890978	6
1540839890980	6
1540839890982	6
1540839890984	6
1540839890988	2
1540839890986	5
1540839890990	2
1540839890990	2
1540839890992	1
1540839890991	6
1540839890997	2
1540839890992	7
1540839890993	7
1540839890999	2
1540839891000	5
1540839891001	5
1540839891000	6
1540839891005	5
1540839891006	6
1540839891010	2
1540839891006	7
1540839891012	2
1540839891012	3
1540839891014	2
1540839891013	5
1540839891018	2
1540839891015	6
1540839891016	6
1540839891020	2
1540839891021	5
1540839891022	4
1540839891022	4
1540839891026	6
1540839891026	7
1540839891026	7
1540839891032	2
1540839891033	2
1540839891034	2
1540839891035	2
1540839891033	5
1540839891038	2
1540839891040	2
1540839891036	6
1540839891037	6
1540839891042	6
1540839891043	5
1540839891042	6
1540839891048	4
1540839891048	6
1540839891048	6
1540839891054	2
1540839891054	2
1540839891052	5
1540839891056	2
1540839891056	2
1540839891057	2
1540839891059	2
1540839891058	6
1540839891061	5
1540839891058	9
1540839891064	6
1540839891066	5
1540839891067	7
1540839891070	5
1540839891071	6
1540839891075	2
1540839891077	1
1540839891074	5
1540839891077	2
1540839891078	2
1540839891079	2
1540839891081	1
1540839891079	5
1540839891080	5
1540839891082	6
1540839891084	6
1540839891085	6
1540839891089	5
1540839891090	6
1540839891091	7
1540839891096	2
1540839891094	6
1540839891098	2
1540839891098	2
1540839891100	2
1540839891100	2
1540839891102	1
1540839891100	7
1540839891103	6
1540839891102	8
1540839891107	6
1540839891109	6
1540839891110	5
1540839891113	8
1540839891115	8
1540839891115	8
1540839891121	2
1540839891123	2
1540839891123	2
1540839891123	2
1540839891125	2
1540839891125	2
1540839891125	6
1540839891127	6
1540839891127	6
1540839891131	6
1540839891133	6
1540839891133	6
1540839891137	4
1540839891141	2
1540839891139	6
1540839891143	2
1540839891139	7
1540839891145	2
1540839891146	2
1540839891147	2
1540839891148	2
1540839891145	5
1540839891149	5
1540839891150	6
1540839891150	7
1540839891154	7
1540839891156	7
1540839891157	6
1540839891163	3
1540839891161	5
1540839891166	1
1540839891166	2
1540839891168	2
1540839891163	7
1540839891170	2
1540839891167	6
1540839891172	2
1540839891170	5
1540839891173	5
1540839891174	4
1540839891175	6
1540839891178	6
1540839891178	8
1540839891181	5
1540839891184	2
1540839891186	2
1540839891186	2
1540839891188	2
1540839891186	4
1540839891190	2
1540839891188	6
1540839891192	2
1540839891190	6
1540839891194	4
1540839891206	7
1540839891206	7
1540839891206	7
1540839891213	3
1540839891213	4
1540839891213	6
1540839891222	2
1540839891222	2
1540839891224	2
1540839891222	6
1540839891224	6
1540839891228	2
1540839891226	5
1540839891230	2
1540839891230	20
1540839891232	18
1540839891231	19
1540839891254	8
1540839891254	8
1540839891254	9
1540839891262	2
1540839891263	1
1540839891264	2
1540839891264	2
1540839891262	6
1540839891268	2
1540839891266	4
1540839891266	7
1540839891270	4
1540839891270	7
1540839891274	5
1540839891273	6
1540839891286	8
1540839891286	9
1540839891286	9
1540839891295	4
1540839891299	3
1540839891295	10
1540839891305	2
1540839891294	25
1540839891319	2
1540839891302	19
1540839891307	15
1540839891321	2
1540839891322	4
1540839891323	6
1540839891326	5
1540839891322	9
1540839891329	5
1540839891331	7
1540839891331	8
1540839891338	1
1540839891339	2
1540839891340	1
1540839891334	11
1540839891345	2
1540839891341	7
1540839891341	7
1540839891347	2
1540839891348	5
1540839891348	7
1540839891349	6
1540839891353	4
1540839891357	2
1540839891355	6
1540839891355	6
1540839891359	3
1540839891361	2
1540839891363	2
1540839891361	5
1540839891362	6
1540839891366	2
1540839891368	2
1540839891365	6
1540839891368	6
1540839891370	6
1540839891371	7
1540839891374	7
1540839891376	6
1540839891381	2
1540839891383	2
1540839891378	7
1540839891385	2
1540839891382	6
1540839891387	3
1540839891385	5
1540839891388	2
1540839891390	2
1540839891390	5
1540839891392	5
1540839891390	8
1540839891395	7
1540839891398	5
1540839891397	6
1540839891403	2
1540839891405	2
1540839891402	13
1540839891403	13
1540839891407	9
1540839891416	1
1540839891416	2
1540839891418	2
1540839891417	3
1540839891416	6
1540839891420	6
1540839891420	8
1540839891422	8
1540839891430	2
1540839891426	6
1540839891432	2
1540839891428	6
1540839891432	7
1540839891439	2
1540839891441	2
1540839891434	10
1540839891434	18
1540839891444	9
1540839891443	10
1540839891453	1
1540839891454	2
1540839891453	5
1540839891453	6
1540839891458	2
1540839891460	2
1540839891456	7
1540839891459	6
1540839891465	2
1540839891462	6
1540839891467	3
1540839891463	7
1540839891468	5
1540839891470	6
1540839891473	5
1540839891470	9
1540839891478	2
1540839891479	1
1540839891476	6
1540839891480	2
1540839891481	1
1540839891482	6
1540839891482	6
1540839891483	6
1540839891488	2
1540839891490	2
1540839891488	8
1540839891489	9
1540839891492	6
1540839891496	8
1540839891498	7
1540839891498	7
1540839891504	2
1540839891505	2
1540839891506	2
1540839891507	2
1540839891505	7
1540839891508	6
1540839891512	2
1540839891514	2
1540839891509	9
1540839891514	5
1540839891516	6
1540839891518	7
1540839891519	8
1540839891522	6
1540839891527	2
1540839891525	5
1540839891529	2
1540839891530	2
1540839891528	6
1540839891532	2
1540839891534	2
1540839891531	5
1540839891536	2
1540839891534	6
1540839891536	6
1540839891538	7
1540839891540	8
1540839891545	5
1540839891542	8
1540839891550	3
1540839891548	5
1540839891553	2
1540839891553	3
1540839891550	7
1540839891555	6
1540839891556	5
1540839891557	6
1540839891563	3
1540839891561	6
1540839891561	6
1540839891566	7
1540839891567	6
1540839891567	6
1540839891573	2
1540839891575	2
1540839891573	5
1540839891573	5
1540839891577	5
1540839891578	5
1540839891578	5
1540839891583	2
1540839891583	2
1540839891585	2
1540839891582	7
1540839891585	5
1540839891587	6
1540839891589	6
1540839891590	7
1540839891595	2
1540839891593	6
1540839891597	2
1540839891597	4
1540839891601	2
1540839891599	6
1540839891599	6
1540839891603	2
1540839891605	1
1540839891606	2
1540839891605	5
1540839891605	5
1540839891608	6
1540839891610	7
1540839891610	7
1540839891617	2
1540839891614	6
1540839891619	2
1540839891617	5
1540839891622	2
1540839891621	5
1540839891621	5
1540839891624	2
1540839891626	1
1540839891627	2
1540839891626	6
1540839891626	8
1540839891629	5
1540839891632	6
1540839891638	2
1540839891634	7
1540839891634	7
1540839891640	3
1540839891641	4
1540839891641	5
1540839891645	2
1540839891646	2
1540839891647	2
1540839891643	6
1540839891648	1
1540839891649	5
1540839891649	5
1540839891649	5
1540839891654	6
1540839891654	7
1540839891654	8
1540839891662	1
1540839891663	2
1540839891660	6
1540839891662	5
1540839891666	2
1540839891667	2
1540839891668	2
1540839891669	2
1540839891665	6
1540839891670	7
1540839891671	8
1540839891671	8
1540839891677	5
1540839891679	6
1540839891679	7
1540839891685	2
1540839891682	6
1540839891687	2
1540839891688	2
1540839891686	6
1540839891690	2
1540839891692	2
1540839891689	5
1540839891694	2
1540839891692	5
1540839891694	7
1540839891697	6
1540839891696	7
1540839891701	10
1540839891703	10
1540839891711	2
1540839891703	12
1540839891713	2
1540839891715	1
1540839891713	4
1540839891716	2
1540839891717	2
1540839891719	2
1540839891715	6
1540839891718	6
1540839891721	5
1540839891721	5
1540839891724	5
1540839891726	5
1540839891726	5
1540839891731	2
1540839891729	5
1540839891733	2
1540839891734	2
1540839891731	7
1540839891736	2
1540839891738	2
1540839891735	6
1540839891740	2
1540839891738	6
1540839891741	5
1540839891742	5
1540839891744	5
1540839891746	6
1540839891747	7
1540839891749	5
1540839891752	2
1540839891754	2
1540839891754	2
1540839891756	2
1540839891754	5
1540839891759	1
1540839891760	2
1540839891758	6
1540839891756	10
1540839891762	7
1540839891764	6
1540839891766	7
1540839891769	5
1540839891774	6
1540839891773	9
1540839891770	12
1540839891782	2
1540839891782	2
1540839891781	3
1540839891784	2
1540839891784	2
1540839891784	2
1540839891786	6
1540839891786	8
1540839891786	8
1540839891792	5
1540839891794	5
1540839891794	5
1540839891797	5
1540839891802	2
1540839891799	6
1540839891799	7
1540839891804	2
1540839891805	2
1540839891806	2
1540839891807	2
1540839891808	2
1540839891806	6
1540839891809	5
1540839891810	6
1540839891812	6
1540839891814	5
1540839891816	5
1540839891818	7
1540839891819	8
1540839891821	6
1540839891825	2
1540839891827	2
1540839891827	2
1540839891827	2
1540839891829	2
1540839891829	2
1540839891829	6
1540839891831	6
1540839891831	10
1540839891835	7
1540839891837	6
1540839891841	5
1540839891843	5
1540839891848	2
1540839891843	7
1540839891850	1
1540839891850	2
1540839891846	6
1540839891852	2
1540839891852	2
1540839891854	2
1540839891852	6
1540839891854	7
1540839891856	7
1540839891858	5
1540839891861	5
1540839891863	6
1540839891866	5
1540839891863	8
1540839891871	2
1540839891871	2
1540839891869	5
1540839891873	2
1540839891873	2
1540839891874	2
1540839891877	2
1540839891875	6
1540839891875	6
1540839891879	7
1540839891881	7
1540839891881	7
1540839891886	5
1540839891888	6
1540839891888	6
1540839891894	2
1540839891894	2
1540839891891	6
1540839891896	2
1540839891896	3
1540839891897	2
1540839891899	2
1540839891898	6
1540839891901	5
1540839891899	7
1540839891904	6
1540839891906	6
1540839891906	6
1540839891910	6
1540839891912	6
1540839891912	6
1540839891916	2
1540839891918	2
1540839891918	2
1540839891918	2
1540839891920	2
1540839891920	2
1540839891920	6
1540839891922	6
1540839891922	6
1540839891926	6
1540839891928	7
1540839891928	8
1540839891933	6
1540839891939	2
1540839891935	7
1540839891941	2
1540839891942	2
1540839891936	8
1540839891944	2
1540839891944	2
1540839891946	2
1540839891943	6
1540839891946	5
1540839891948	5
1540839891949	5
1540839891951	6
1540839891953	5
1540839891954	6
1540839891960	2
1540839891957	5
1540839891962	2
1540839891962	2
1540839891958	6
1540839891964	2
1540839891964	2
1540839891966	2
1540839891964	5
1540839891966	6
1540839891969	6
1540839891968	7
1540839891973	5
1540839891975	6
1540839891975	8
1540839891978	5
1540839891983	2
1540839891983	2
1540839891981	5
1540839891985	2
1540839891985	2
1540839891986	2
1540839891987	7
1540839891987	7
1540839891988	6
1540839891994	8
1540839891994	10
1540839891994	10
1540839892002	4
1540839892004	6
1540839892007	4
1540839892004	7
1540839892010	2
1540839892011	2
1540839892012	2
1540839892011	6
1540839892013	7
1540839892014	6
1540839892017	3
1540839892020	2
1540839892020	6
1540839892020	8
1540839892022	8
1540839892026	6
1540839892032	2
1540839892028	6
1540839892030	6
1540839892034	2
1540839892034	2
1540839892036	5
1540839892036	6
1540839892036	6
1540839892041	3
1540839892044	2
1540839892042	6
1540839892042	6
1540839892046	6
1540839892048	6
1540839892048	6
1540839892054	2
1540839892056	2
1540839892052	7
1540839892054	7
1540839892061	2
1540839892058	7
1540839892063	2
1540839892059	8
1540839892067	2
1540839892065	4
1540839892065	5
1540839892069	2
1540839892069	8
1540839892070	7
1540839892071	7
1540839892077	2
1540839892079	2
1540839892077	5
1540839892078	5
1540839892082	3
1540839892085	1
1540839892081	7
1540839892083	6
1540839892089	2
1540839892091	2
1540839892086	7
1540839892088	7
1540839892093	5
1540839892093	9
1540839892095	10
1540839892098	8
1540839892105	2
1540839892107	2
1540839892102	7
1540839892109	2
1540839892106	6
1540839892111	2
1540839892112	2
1540839892114	5
1540839892119	6
1540839892113	12
1540839892109	16
1540839892125	6
1540839892125	8
1540839892125	8
1540839892131	6
1540839892133	5
1540839892133	5
1540839892137	2
1540839892138	2
1540839892138	2
1540839892139	2
1540839892140	2
1540839892140	2
1540839892141	6
1540839892142	6
1540839892142	6
1540839892147	7
1540839892148	6
1540839892148	6
1540839892154	6
1540839892160	2
1540839892154	8
1540839892154	8
1540839892162	2
1540839892162	2
1540839892162	3
1540839892164	2
1540839892165	1
1540839892164	6
1540839892166	7
1540839892166	7
1540839892170	7
1540839892173	5
1540839892173	5
1540839892177	6
1540839892178	7
1540839892183	3
1540839892178	9
1540839892185	3
1540839892186	2
1540839892187	2
1540839892188	2
1540839892189	2
1540839892188	7
1540839892190	7
1540839892191	8
1540839892195	6
1540839892197	5
1540839892199	6
1540839892201	4
1540839892205	2
1540839892202	6
1540839892207	2
1540839892205	5
1540839892208	2
1540839892210	2
1540839892210	2
1540839892209	5
1540839892214	2
1540839892214	6
1540839892216	6
1540839892214	8
1540839892220	5
1540839892222	6
1540839892225	5
1540839892222	8
1540839892230	2
1540839892228	6
1540839892232	2
1540839892234	2
1540839892230	6
1540839892236	1
1540839892236	2
1540839892234	4
1540839892238	7
1540839892238	7
1540839892238	7
1540839892245	5
1540839892245	7
1540839892245	7
1540839892252	2
1540839892250	6
1540839892254	2
1540839892252	6
1540839892256	2
1540839892258	2
1540839892258	2
1540839892260	2
1540839892257	5
1540839892260	6
1540839892262	7
1540839892262	8
1540839892266	5
1540839892269	5
1540839892270	6
1540839892271	6
1540839892277	1
1540839892277	2
1540839892274	6
1540839892278	3
1540839892279	2
1540839892280	2
1540839892282	2
1540839892281	6
1540839892281	7
1540839892284	7
1540839892287	6
1540839892288	6
1540839892291	6
1540839892293	7
1540839892294	8
1540839892300	2
1540839892302	2
1540839892302	2
1540839892297	9
1540839892304	2
1540839892306	2
1540839892308	2
1540839892304	6
1540839892306	6
1540839892310	5
1540839892310	5
1540839892312	6
1540839892315	6
1540839892315	7
1540839892322	2
1540839892318	7
1540839892324	2
1540839892325	2
1540839892321	8
1540839892329	2
1540839892329	2
1540839892326	7
1540839892331	2
1540839892331	5
1540839892333	5
1540839892333	5
1540839892336	5
1540839892338	7
1540839892338	8
1540839892345	1
1540839892341	6
1540839892347	1
1540839892346	3
1540839892348	2
1540839892346	7
1540839892349	4
1540839892353	2
1540839892350	6
1540839892355	2
1540839892353	5
1540839892356	5
1540839892357	5
1540839892358	7
1540839892362	5
1540839892361	6
1540839892365	2
1540839892367	2
1540839892367	2
1540839892369	2
1540839892367	6
1540839892369	5
1540839892371	6
1540839892373	5
1540839892378	2
1540839892374	6
1540839892377	6
1540839892380	5
1540839892380	6
1540839892386	2
1540839892383	6
1540839892388	2
1540839892385	5
1540839892389	2
1540839892391	2
1540839892390	4
1540839892390	6
1540839892396	2
1540839892393	5
1540839892398	2
1540839892394	6
1540839892398	5
1540839892400	6
1540839892400	7
1540839892406	2
1540839892403	6
1540839892414	2
1540839892414	2
1540839892416	2
1540839892414	6
1540839892416	6
1540839892418	4
1540839892429	7
1540839892429	10
1540839892429	10
1540839892446	2
1540839892448	2
1540839892446	7
1540839892446	8
1540839892453	2
1540839892454	2
1540839892450	6
1540839892455	2
1540839892456	2
1540839892456	5
1540839892457	6
1540839892458	5
1540839892461	4
1540839892465	2
1540839892463	6
1540839892467	2
1540839892463	7
1540839892469	5
1540839892470	6
1540839892469	7
1540839892474	2
1540839892476	2
1540839892476	2
1540839892478	2
1540839892476	5
1540839892478	7
1540839892480	6
1540839892481	9
1540839892485	5
1540839892490	1
1540839892486	7
1540839892491	3
1540839892490	6
1540839892496	2
1540839892493	5
1540839892494	4
1540839892498	2
1540839892498	2
1540839892500	2
1540839892498	6
1540839892500	6
1540839892502	6
1540839892504	6
1540839892510	2
1540839892506	6
1540839892512	2
1540839892508	6
1540839892512	6
1540839892514	6
1540839892514	6
1540839892518	2
1540839892520	2
1540839892520	3
1540839892522	2
1540839892520	6
1540839892523	6
1540839892526	5
1540839892524	8
1540839892531	2
1540839892533	2
1540839892532	6
1540839892535	6
1540839892538	5
1540839892543	2
1540839892541	5
1540839892545	2
1540839892546	4
1540839892550	2
1540839892547	5
1540839892552	2
1540839892554	5
1540839892559	6
1540839892565	4
1540839892569	2
1540839892571	2
1540839892573	6
1540839892579	6
1540839892585	5
1540839892590	2
1540839892592	2
1540839892594	6
1540839892600	5
1540839892605	5
1540839892610	2
1540839892612	1
1540839892613	6
1540839892619	6
1540839892625	5
1540839892630	2
1540839892632	2
1540839892634	6
1540839892640	5
1540839892645	4
1540839892649	2
1540839892651	2
1540839892653	7
1540839892660	6
1540839892666	7
1540839892673	2
1540839892675	2
1540839892677	7
1540839892684	6
1540839892690	4
1540839892694	3
1540839892697	1
1540839892698	7
