1542352259214	1099
1542352259214	1095
1542352259214	1099
1542352260315	51
1542352260315	54
1542352260315	55
1542352260367	35
1542352260370	34
1542352260371	34
1542352260405	28
1542352260403	32
1542352260404	57
1542352260433	31
1542352260435	68
1542352260464	42
1542352260462	44
1542352260507	34
1542352260541	23
1542352260503	66
1542352260507	64
1542352260564	30
1542352260576	44
1542352260576	44
1542352260594	36
1542352260620	26
1542352260620	57
1542352260646	31
1542352260630	51
1542352260677	28
1542352260677	34
1542352260681	40
1542352260705	34
1542352260712	31
1542352260723	30
1542352260739	35
1542352260744	31
1542352260753	30
1542352260775	32
1542352260774	37
1542352260787	32
1542352260811	27
1542352260819	35
1542352260808	55
1542352260838	30
1542352260868	32
1542352260863	45
1542352260854	59
1542352260900	69
1542352260913	57
1542352260908	62
1542352260970	32
1542352260970	62
1542352260969	66
1542352261002	35
1542352261032	28
1542352261035	32
1542352261038	32
1542352261060	29
1542352261067	33
1542352261070	33
1542352261089	39
1542352261100	31
1542352261104	51
1542352261128	37
1542352261131	35
1542352261155	37
1542352261166	36
1542352261165	37
1542352261192	36
1542352261204	31
1542352261204	32
1542352261228	36
1542352261236	31
1542352261235	52
1542352261267	52
1542352261287	58
1542352261319	31
1542352261267	85
1542352261346	34
1542352261352	29
1542352261350	34
1542352261384	28
1542352261381	31
1542352261381	34
1542352261415	29
1542352261412	32
1542352261412	36
1542352261445	28
1542352261445	32
1542352261448	32
1542352261477	31
1542352261480	32
1542352261473	61
1542352261513	55
1542352261535	44
1542352261509	91
1542352261582	34
1542352261568	49
1542352261600	34
1542352261616	35
1542352261617	39
1542352261634	29
1542352261651	30
1542352261656	35
1542352261663	33
1542352261681	36
1542352261691	34
1542352261703	26
1542352261717	34
1542352261725	27
1542352261730	32
1542352261752	30
1542352261751	34
1542352261762	25
1542352261782	36
1542352261785	33
1542352261818	49
1542352261787	80
1542352261818	52
1542352261868	37
1542352261868	50
1542352261870	48
1542352261906	43
1542352261918	31
1542352261918	43
1542352261950	49
1542352261961	41
1542352261949	55
1542352262005	27
1542352262002	30
1542352262000	33
1542352262032	30
1542352262032	30
1542352262033	34
1542352262062	35
1542352262067	32
1542352262062	38
1542352262100	31
1542352262100	34
1542352262098	37
1542352262134	50
1542352262131	53
1542352262135	53
1542352262188	26
1542352262184	31
1542352262214	27
1542352262215	27
1542352262184	63
1542352262243	32
1542352262247	34
1542352262241	61
1542352262281	36
1542352262302	31
1542352262275	61
1542352262318	28
1542352262336	32
1542352262334	34
1542352262346	28
1542352262368	29
1542352262368	30
1542352262374	32
1542352262398	32
1542352262397	33
1542352262430	64
1542352262406	89
1542352262430	102
1542352262494	39
1542352262496	37
1542352262533	28
1542352262533	33
1542352262533	36
1542352262562	33
1542352262571	27
1542352262566	32
1542352262599	37
1542352262599	37
1542352262595	59
1542352262637	29
1542352262637	34
1542352262654	35
1542352262667	37
1542352262672	36
1542352262689	33
1542352262704	34
1542352262708	45
1542352262738	48
1542352262754	34
1542352262722	67
1542352262796	34
1542352262797	33
1542352262796	37
1542352262831	38
1542352262831	42
1542352262833	65
1542352262873	37
1542352262869	58
1542352262898	31
1542352262912	32
1542352262930	34
1542352262928	38
1542352262945	30
1542352262966	30
1542352262966	37
1542352262976	30
1542352263003	33
1542352263003	33
1542352263007	38
1542352263040	45
1542352263040	48
1542352263046	45
1542352263088	43
1542352263086	47
1542352263091	43
1542352263131	36
1542352263134	33
1542352263133	37
1542352263168	32
1542352263168	33
1542352263170	34
1542352263202	28
1542352263201	32
1542352263204	31
1542352263231	45
1542352263235	42
1542352263233	44
1542352263278	30
1542352263277	32
1542352263276	36
1542352263309	60
1542352263308	58
1542352263312	59
1542352263373	27
1542352263369	34
1542352263369	63
1542352263408	26
1542352263409	29
1542352263432	24
1542352263438	28
1542352263434	33
1542352263467	30
1542352263466	35
1542352263457	48
1542352263501	29
1542352263497	36
1542352263505	30
1542352263533	26
1542352263535	32
1542352263530	55
1542352263567	37
1542352263559	60
1542352263588	34
1542352263604	29
1542352263622	47
1542352263634	48
1542352263619	81
1542352263669	36
1542352263682	35
1542352263705	30
1542352263702	33
1542352263736	42
1542352263717	65
1542352263736	52
1542352263781	34
1542352263790	25
1542352263782	34
1542352263816	27
1542352263815	28
1542352263815	32
1542352263843	30
1542352263843	34
1542352263847	31
1542352263877	34
1542352263878	33
1542352263873	38
1542352263911	47
1542352263911	55
1542352263911	72
1542352263958	35
1542352263966	29
1542352263983	33
1542352263996	31
1542352264017	32
1542352263993	59
1542352264028	41
1542352264049	28
1542352264052	31
1542352264070	33
1542352264077	32
1542352264083	29
1542352264103	33
1542352264112	33
1542352264109	40
1542352264136	36
1542352264146	36
1542352264149	36
1542352264172	30
1542352264182	30
1542352264185	29
1542352264202	32
1542352264234	39
1542352264212	61
1542352264214	81
1542352264273	29
1542352264273	32
1542352264302	26
1542352264295	37
1542352264305	30
1542352264335	23
1542352264329	34
1542352264332	52
1542352264358	33
1542352264363	33
1542352264384	38
1542352264396	30
1542352264391	63
1542352264426	29
1542352264422	60
1542352264456	32
1542352264454	37
1542352264482	24
1542352264491	27
1542352264506	36
1542352264488	72
1542352264518	45
1542352264542	43
1542352264561	28
1542352264563	32
1542352264586	30
1542352264589	32
1542352264595	34
1542352264616	32
1542352264629	29
1542352264621	48
1542352264648	26
1542352264658	29
1542352264670	24
1542352264674	39
1542352264687	29
1542352264694	31
1542352264716	36
1542352264713	39
1542352264725	34
1542352264752	33
1542352264752	33
1542352264759	29
1542352264788	28
1542352264785	32
1542352264785	36
1542352264821	37
1542352264817	41
1542352264858	33
1542352264817	76
1542352264858	41
1542352264891	35
1542352264894	32
1542352264899	30
1542352264926	35
1542352264926	37
1542352264929	34
1542352264963	27
1542352264961	29
1542352264963	31
1542352264990	30
1542352264990	30
1542352264994	50
1542352265020	28
1542352265044	35
1542352265048	35
1542352265020	74
1542352265079	35
1542352265083	36
1542352265094	31
1542352265125	44
1542352265114	56
1542352265169	30
1542352265119	86
1542352265170	36
1542352265206	30
1542352265205	31
1542352265199	53
1542352265236	28
1542352265252	31
1542352265236	61
1542352265264	34
1542352265283	34
1542352265298	26
1542352265297	34
1542352265317	32
1542352265332	30
1542352265349	29
1542352265324	60
1542352265384	26
1542352265378	34
1542352265362	58
1542352265412	56
1542352265420	51
1542352265410	92
1542352265468	34
1542352265471	31
1542352265502	36
1542352265502	36
1542352265502	60
1542352265538	27
1542352265538	28
1542352265562	23
1542352265567	29
1542352265565	40
1542352265586	28
1542352265596	30
1542352265605	27
1542352265626	25
1542352265614	58
1542352265651	27
1542352265632	49
1542352265672	35
1542352265681	37
1542352265678	67
1542352265707	38
1542352265718	31
1542352265745	51
1542352265745	54
1542352265749	60
1542352265799	26
1542352265809	28
1542352265796	55
1542352265837	25
1542352265851	26
1542352265825	60
1542352265862	26
1542352265878	25
1542352265888	24
1542352265885	34
1542352265904	39
1542352265912	32
1542352265919	27
1542352265943	26
1542352265944	26
1542352265946	26
1542352265969	26
1542352265970	25
1542352265972	29
1542352266002	25
1542352265995	36
1542352265995	66
1542352266027	45
1542352266031	43
1542352266061	32
1542352266072	35
1542352266074	42
1542352266094	32
1542352266117	24
1542352266107	47
1542352266126	29
1542352266141	24
1542352266154	26
1542352266166	28
1542352266155	46
1542352266180	27
1542352266194	33
1542352266201	30
1542352266207	30
1542352266227	31
1542352266237	28
1542352266231	54
1542352266265	31
1542352266259	48
1542352266285	27
1542352266296	31
1542352266307	24
1542352266312	35
1542352266331	40
1542352266347	33
1542352266327	53
1542352266371	35
1542352266380	36
1542352266380	35
1542352266419	43
1542352266416	47
1542352266406	60
1542352266462	35
1542352266466	31
1542352266463	36
1542352266498	28
1542352266498	29
1542352266499	29
1542352266528	29
1542352266527	30
1542352266527	34
1542352266557	37
1542352266561	37
1542352266557	64
1542352266594	35
1542352266598	37
1542352266635	43
1542352266621	62
1542352266629	55
1542352266678	22
1542352266683	28
1542352266684	29
1542352266712	25
1542352266714	29
1542352266737	23
1542352266700	61
1542352266743	34
1542352266761	34
1542352266760	38
1542352266778	26
1542352266798	35
1542352266804	31
1542352266795	62
1542352266835	28
1542352266834	33
1542352266857	25
1542352266863	23
1542352266867	27
1542352266882	28
1542352266887	32
1542352266894	27
1542352266910	60
1542352266922	80
1542352266919	84
1542352266970	37
1542352267007	36
1542352267003	41
1542352267003	41
1542352267043	30
1542352267044	30
1542352267044	33
1542352267077	26
1542352267074	29
1542352267103	26
1542352267073	56
1542352267103	53
1542352267129	28
1542352267130	32
1542352267156	27
1542352267157	53
1542352267183	36
1542352267162	59
1542352267219	48
1542352267210	60
1542352267221	56
1542352267267	25
1542352267270	31
1542352267278	28
1542352267292	33
1542352267301	26
1542352267327	34
1542352267325	37
1542352267306	58
1542352267365	35
1542352267365	39
1542352267365	54
1542352267400	32
1542352267405	40
1542352267432	30
1542352267446	27
1542352267420	56
1542352267462	32
1542352267474	23
1542352267477	27
1542352267498	24
1542352267495	33
1542352267504	31
1542352267523	48
1542352267535	47
1542352267528	57
1542352267572	30
1542352267585	31
1542352267602	32
1542352267582	58
1542352267616	24
1542352267635	28
1542352267640	38
1542352267663	28
1542352267678	31
1542352267640	69
1542352267691	33
1542352267709	33
1542352267709	34
1542352267724	31
1542352267742	35
1542352267743	36
1542352267756	34
1542352267790	26
1542352267777	40
1542352267779	37
1542352267816	50
1542352267817	50
1542352267868	27
1542352267817	78
1542352267867	32
1542352267895	34
1542352267899	34
1542352267895	65
1542352267929	31
1542352267961	32
1542352267960	34
1542352267933	65
1542352267998	25
1542352267993	34
1542352268023	19
1542352268027	35
1542352267994	68
1542352268043	27
1542352268062	29
1542352268070	24
1542352268062	33
1542352268091	27
1542352268095	25
1542352268094	29
1542352268120	50
1542352268123	72
1542352268118	81
1542352268170	31
1542352268195	23
1542352268199	29
1542352268201	32
1542352268218	29
1542352268233	34
1542352268228	39
1542352268247	33
1542352268280	34
1542352268267	63
1542352268267	63
1542352268314	28
1542352268330	29
1542352268330	31
1542352268342	27
1542352268359	33
1542352268370	28
1542352268392	33
1542352268361	68
1542352268398	31
1542352268425	32
1542352268429	30
1542352268429	33
1542352268457	48
1542352268462	43
1542352268460	45
1542352268505	30
1542352268505	30
1542352268505	34
1542352268535	39
1542352268539	35
1542352268535	62
1542352268574	27
1542352268574	29
1542352268601	32
1542352268597	38
1542352268603	32
1542352268633	29
1542352268635	27
1542352268635	56
1542352268663	29
1542352268691	24
1542352268663	60
1542352268692	32
1542352268715	50
1542352268723	46
1542352268725	76
1542352268765	37
1542352268769	33
1542352268802	32
1542352268802	42
1542352268801	43
1542352268834	30
1542352268844	26
1542352268844	37
1542352268870	24
1542352268864	34
1542352268881	23
1542352268894	34
1542352268905	30
1542352268929	31
1542352268898	68
1542352268935	33
1542352268960	31
1542352268968	29
1542352268966	32
1542352268991	28
1542352268999	27
1542352268997	34
1542352269019	45
1542352269031	59
1542352269026	64
1542352269064	36
1542352269090	29
1542352269090	34
1542352269100	28
1542352269124	27
1542352269120	33
1542352269128	35
1542352269153	35
1542352269151	37
1542352269164	27
1542352269192	28
1542352269189	31
1542352269189	60
1542352269220	34
1542352269220	52
1542352269249	42
1542352269254	37
1542352269272	29
1542352269291	24
1542352269291	28
1542352269301	31
1542352269319	34
1542352269315	40
1542352269332	31
1542352269353	24
1542352269355	38
1542352269363	30
1542352269377	32
1542352269394	22
1542352269393	31
1542352269409	32
1542352269425	24
1542352269416	56
1542352269442	31
1542352269450	28
1542352269473	28
1542352269472	33
1542352269478	30
1542352269501	28
1542352269505	30
1542352269508	34
1542352269535	27
1542352269530	36
1542352269542	37
1542352269566	33
1542352269562	37
1542352269580	28
1542352269599	37
1542352269599	39
1542352269636	31
1542352269608	59
1542352269638	33
1542352269667	34
1542352269667	34
1542352269671	33
1542352269704	55
1542352269701	70
1542352269701	70
1542352269759	37
1542352269771	41
1542352269771	42
1542352269796	35
1542352269812	25
1542352269814	24
1542352269831	33
1542352269837	29
1542352269838	29
1542352269866	29
1542352269864	41
1542352269867	39
1542352269895	33
1542352269905	25
1542352269906	28
1542352269930	60
1542352269934	60
1542352269928	87
1542352269990	30
1542352269994	26
1542352270020	31
1542352270015	39
1542352270020	58
1542352270054	31
1542352270051	36
1542352270085	25
1542352270088	30
1542352270078	59
1542352270110	32
1542352270118	30
1542352270137	23
1542352270142	27
1542352270148	22
1542352270160	27
1542352270169	30
1542352270170	29
1542352270199	23
1542352270199	26
1542352270187	54
1542352270225	80
1542352270222	85
1542352270241	74
1542352270305	26
1542352270315	28
1542352270307	41
1542352270348	30
1542352270331	55
1542352270343	48
1542352270378	40
1542352270386	32
1542352270391	28
1542352270418	31
1542352270418	35
1542352270420	35
1542352270449	33
1542352270453	33
1542352270455	51
1542352270482	30
1542352270486	34
1542352270520	46
1542352270506	63
1542352270569	28
1542352270566	33
1542352270512	90
1542352270598	36
1542352270602	36
1542352270599	61
1542352270638	25
1542352270634	31
1542352270663	25
1542352270660	28
1542352270665	32
1542352270688	27
1542352270697	33
1542352270715	40
1542352270730	26
1542352270688	69
1542352270756	29
1542352270757	28
1542352270755	35
1542352270785	24
1542352270790	24
1542352270809	33
1542352270815	30
1542352270785	60
1542352270845	45
1542352270845	46
1542352270842	75
1542352270891	39
1542352270890	40
1542352270917	30
1542352270930	37
1542352270930	40
1542352270947	24
1542352270967	24
1542352270970	25
1542352270971	24
1542352270991	30
1542352270995	27
1542352271022	32
1542352270995	63
1542352271021	57
1542352271054	28
1542352271058	31
1542352271078	29
1542352271089	29
1542352271082	54
1542352271107	29
1542352271118	65
1542352271136	49
1542352271185	29
1542352271136	78
1542352271214	29
1542352271183	66
1542352271214	38
1542352271252	32
1542352271249	36
1542352271243	52
1542352271284	33
1542352271285	33
1542352271295	27
1542352271317	22
1542352271322	22
1542352271318	29
1542352271344	23
1542352271347	26
1542352271339	54
1542352271367	28
1542352271373	24
1542352271393	27
1542352271395	30
1542352271397	57
1542352271420	48
1542352271425	44
1542352271454	27
1542352271469	34
1542352271468	39
1542352271481	31
1542352271507	37
1542352271503	41
1542352271512	32
1542352271544	24
1542352271544	30
1542352271544	33
1542352271568	25
1542352271574	30
1542352271577	29
1542352271593	32
1542352271604	26
1542352271625	38
1542352271631	33
1542352271606	59
1542352271663	29
1542352271665	27
1542352271664	55
1542352271692	27
1542352271692	29
1542352271719	62
1542352271721	65
1542352271719	68
1542352271781	29
1542352271787	39
1542352271787	40
1542352271810	41
1542352271826	25
1542352271827	29
1542352271851	29
1542352271851	33
1542352271880	26
1542352271856	50
1542352271884	27
1542352271906	25
1542352271906	27
1542352271911	27
1542352271931	35
1542352271933	34
1542352271938	30
1542352271966	34
1542352272000	26
1542352271968	58
1542352271968	60
1542352272027	31
1542352272028	33
1542352272061	24
1542352272027	62
1542352272058	33
1542352272085	29
1542352272089	30
1542352272091	39
1542352272114	32
1542352272119	28
1542352272130	28
1542352272147	34
1542352272146	36
1542352272158	28
1542352272181	30
1542352272182	31
1542352272186	28
1542352272211	35
1542352272214	33
1542352272213	54
1542352272246	26
1542352272248	28
1542352272268	22
1542352272272	31
1542352272276	31
1542352272290	35
1542352272303	49
1542352272307	58
1542352272325	43
1542352272365	27
1542352272352	44
1542352272368	47
1542352272396	29
1542352272392	57
1542352272425	24
1542352272416	35
1542352272449	38
1542352272451	36
1542352272449	40
1542352272487	33
1542352272489	33
1542352272487	60
1542352272522	26
1542352272520	32
1542352272548	24
1542352272548	28
1542352272552	30
1542352272572	30
1542352272576	30
1542352272582	28
1542352272607	42
1542352272605	51
1542352272612	60
1542352272650	30
1542352272656	29
1542352272672	32
1542352272680	29
1542352272685	33
1542352272704	31
1542352272709	28
1542352272718	28
1542352272737	36
1542352272746	27
1542352272735	38
1542352272773	23
1542352272773	23
1542352272773	28
1542352272796	32
1542352272796	32
1542352272801	30
1542352272828	29
1542352272832	26
1542352272828	31
1542352272858	28
1542352272857	32
1542352272860	32
1542352272886	30
1542352272889	27
1542352272892	29
1542352272916	34
1542352272921	34
1542352272950	27
1542352272955	28
1542352272916	74
1542352272977	35
1542352272990	27
1542352272983	56
1542352273012	31
1542352273017	28
1542352273039	27
1542352273043	29
1542352273045	36
1542352273067	31
1542352273098	28
1542352273072	60
1542352273081	57
1542352273132	27
1542352273126	36
1542352273138	34
1542352273159	31
1542352273172	30
1542352273163	57
1542352273190	32
1542352273202	21
1542352273223	43
1542352273222	49
1542352273220	65
1542352273266	32
1542352273271	28
1542352273285	29
1542352273299	28
1542352273298	33
1542352273327	32
1542352273314	48
1542352273362	26
1542352273331	62
1542352273359	58
1542352273393	27
1542352273388	35
1542352273417	28
1542352273420	25
1542352273423	32
1542352273445	30
1542352273455	34
1542352273445	47
1542352273476	32
1542352273489	38
1542352273492	35
1542352273508	47
1542352273527	30
1542352273555	27
1542352273527	65
1542352273557	35
1542352273592	28
1542352273592	30
1542352273582	49
1542352273622	30
1542352273631	27
1542352273620	52
1542352273652	29
1542352273658	36
1542352273672	23
1542352273681	29
1542352273696	26
1542352273694	32
1542352273710	33
1542352273726	28
1542352273723	35
1542352273743	32
1542352273754	24
1542352273758	39
1542352273775	26
1542352273778	28
1542352273797	26
1542352273801	24
1542352273806	28
1542352273823	34
1542352273825	33
1542352273857	32
1542352273835	56
1542352273858	41
1542352273889	33
1542352273899	28
1542352273922	32
1542352273891	65
1542352273927	32
1542352273954	34
1542352273988	28
1542352273960	56
1542352273956	62
1542352274016	32
1542352274018	33
1542352274016	55
1542352274048	30
1542352274071	33
1542352274051	54
1542352274078	59
1542352274104	48
1542352274105	62
1542352274137	36
1542352274152	38
1542352274167	25
1542352274173	33
1542352274192	26
1542352274190	28
1542352274206	23
1542352274218	27
1542352274218	29
1542352274229	29
1542352274245	32
1542352274258	32
1542352274247	62
1542352274277	32
1542352274291	35
1542352274309	22
1542352274309	26
1542352274331	24
1542352274326	31
1542352274335	27
1542352274357	25
1542352274355	31
1542352274362	28
1542352274386	28
1542352274390	26
1542352274382	38
1542352274416	54
1542352274414	57
1542352274420	71
1542352274471	28
1542352274470	34
1542352274491	27
1542352274500	28
1542352274504	28
1542352274528	31
1542352274532	31
1542352274518	51
1542352274563	25
1542352274559	32
1542352274569	24
1542352274588	31
1542352274593	32
1542352274591	51
1542352274619	29
1542352274625	29
1542352274642	28
1542352274648	28
1542352274654	27
1542352274676	27
1542352274670	34
1542352274681	28
1542352274704	37
1542352274703	61
1542352274709	56
1542352274765	26
1542352274741	52
1542352274793	33
1542352274792	36
1542352274764	64
1542352274826	29
1542352274828	31
1542352274828	33
1542352274855	29
1542352274859	28
1542352274884	25
1542352274861	51
1542352274887	45
1542352274912	24
1542352274909	32
1542352274932	31
1542352274936	33
1542352274941	29
1542352274970	28
1542352274969	33
1542352274963	54
1542352274998	28
1542352275002	29
1542352275031	34
1542352275017	73
1542352275065	27
1542352275026	71
1542352275090	30
1542352275092	37
1542352275097	32
1542352275120	37
1542352275129	33
1542352275129	37
1542352275162	27
1542352275157	33
1542352275166	33
1542352275189	22
1542352275190	40
1542352275199	31
1542352275211	36
1542352275230	30
1542352275230	35
1542352275247	26
1542352275265	33
1542352275260	39
1542352275273	32
1542352275298	36
1542352275305	30
1542352275299	42
1542352275335	27
1542352275334	33
1542352275341	47
1542352275367	58
1542352275362	73
1542352275425	28
1542352275388	69
1542352275435	28
1542352275457	26
1542352275453	34
1542352275463	27
1542352275487	24
1542352275490	30
1542352275483	54
1542352275512	26
1542352275520	25
1542352275538	27
1542352275537	35
1542352275545	32
1542352275565	36
1542352275572	31
1542352275577	26
1542352275603	25
1542352275602	30
1542352275628	24
1542352275603	54
1542352275632	42
1542352275652	34
1542352275657	30
1542352275674	26
1542352275687	25
1542352275686	30
1542352275700	28
1542352275716	29
1542352275729	31
1542352275745	27
1542352275712	68
1542352275760	32
1542352275780	32
1542352275792	28
1542352275772	54
1542352275812	33
1542352275820	27
1542352275826	29
1542352275845	28
1542352275847	29
1542352275855	28
1542352275883	29
1542352275876	52
1542352275873	55
1542352275912	39
1542352275928	37
1542352275928	38
1542352275952	27
1542352275965	31
1542352275966	33
1542352275979	34
1542352275996	42
1542352275999	53
1542352276013	41
1542352276038	32
1542352276052	22
1542352276054	34
1542352276070	27
1542352276074	26
1542352276088	22
1542352276100	36
1542352276097	42
1542352276111	29
1542352276136	31
1542352276139	30
1542352276140	34
1542352276167	27
1542352276169	29
1542352276174	32
1542352276194	32
1542352276198	32
1542352276206	29
1542352276226	54
1542352276235	46
1542352276230	55
1542352276281	27
1542352276280	33
1542352276285	47
1542352276309	29
1542352276313	31
1542352276332	25
1542352276338	28
1542352276344	27
1542352276357	22
1542352276371	23
1542352276366	33
1542352276379	25
1542352276394	24
1542352276399	25
1542352276404	31
1542352276418	27
1542352276424	23
1542352276435	28
1542352276447	30
1542352276463	21
1542352276477	28
1542352276484	21
1542352276445	61
1542352276505	60
1542352276505	62
1542352276506	64
1542352276565	24
1542352276567	26
1542352276570	37
1542352276589	23
1542352276593	37
1542352276607	26
1542352276612	32
1542352276630	20
1542352276633	31
1542352276644	24
1542352276651	25
1542352276664	26
1542352276668	29
1542352276676	25
1542352276697	23
1542352276690	33
1542352276701	30
1542352276723	28
1542352276720	31
1542352276731	35
1542352276766	24
1542352276751	57
1542352276790	22
1542352276751	61
1542352276812	58
1542352276808	63
1542352276812	60
1542352276870	27
1542352276872	31
1542352276872	32
1542352276897	23
1542352276903	28
1542352276904	32
1542352276920	22
1542352276931	24
1542352276936	26
1542352276942	29
1542352276955	32
1542352276962	32
1542352276971	27
1542352276987	25
1542352276998	33
1542352276994	38
1542352277012	25
1542352277031	28
1542352277032	30
1542352277037	37
1542352277059	28
1542352277062	30
1542352277074	27
1542352277087	26
1542352277092	23
1542352277101	27
1542352277115	49
1542352277128	56
1542352277113	77
1542352277164	31
1542352277190	35
1542352277195	32
1542352277184	57
1542352277225	26
1542352277227	28
1542352277241	27
1542352277251	27
1542352277255	25
1542352277268	36
1542352277280	25
1542352277278	31
1542352277304	31
1542352277309	29
1542352277305	35
1542352277340	29
1542352277338	31
1542352277335	34
1542352277369	28
1542352277397	23
1542352277369	53
1542352277369	58
1542352277420	30
1542352277422	34
1542352277427	33
1542352277450	34
1542352277456	32
1542352277461	27
1542352277485	30
1542352277488	46
1542352277488	50
1542352277534	36
1542352277538	34
1542352277515	59
1542352277574	28
1542352277572	30
1542352277570	39
1542352277602	30
1542352277602	31
1542352277610	29
1542352277633	30
1542352277639	27
1542352277632	56
1542352277663	29
1542352277666	28
1542352277688	26
1542352277693	33
1542352277694	33
1542352277726	39
1542352277714	54
1542352277728	42
1542352277765	25
1542352277768	24
1542352277771	33
1542352277790	25
1542352277792	25
1542352277804	21
1542352277815	33
1542352277825	24
1542352277817	33
1542352277848	28
1542352277849	29
1542352277850	31
1542352277878	36
1542352277881	35
1542352277876	51
1542352277914	25
1542352277916	28
1542352277927	24
1542352277944	24
1542352277939	29
1542352277951	34
1542352277968	28
1542352277985	32
1542352277968	57
1542352277996	32
1542352278025	51
1542352278028	69
1542352278017	81
1542352278076	34
1542352278098	28
1542352278097	33
1542352278110	28
1542352278130	28
1542352278138	21
1542352278126	34
1542352278158	23
1542352278160	30
1542352278159	41
1542352278181	33
1542352278190	36
1542352278200	34
1542352278214	25
1542352278226	32
1542352278235	29
1542352278239	30
1542352278264	38
1542352278269	33
1542352278258	64
1542352278322	29
1542352278302	49
1542352278302	55
1542352278351	34
1542352278357	34
1542352278351	55
1542352278385	26
1542352278391	33
1542352278411	27
1542352278406	33
1542352278424	32
1542352278438	21
1542352278439	30
1542352278459	26
1542352278469	29
1542352278456	57
1542352278485	31
1542352278499	38
1542352278513	32
1542352278516	32
1542352278537	33
1542352278545	30
1542352278548	35
1542352278575	40
1542352278583	33
1542352278570	56
1542352278616	50
1542352278615	54
1542352278626	49
1542352278669	22
1542352278666	30
1542352278691	30
1542352278675	54
1542352278696	36
1542352278722	32
1542352278732	31
1542352278754	31
1542352278763	26
1542352278729	61
1542352278789	26
1542352278790	29
1542352278785	64
1542352278815	37
1542352278852	23
1542352278849	26
1542352278819	61
1542352278875	28
1542352278875	31
1542352278880	37
1542352278903	34
1542352278917	46
1542352278906	74
1542352278937	54
1542352278963	29
1542352278980	22
1542352278991	28
1542352278992	28
1542352279002	31
1542352279019	24
1542352279020	33
1542352279033	25
1542352279043	32
1542352279058	23
1542352279053	34
1542352279081	27
1542352279087	22
1542352279109	22
1542352279108	24
1542352279075	60
1542352279132	36
1542352279131	37
1542352279135	33
1542352279168	34
1542352279168	35
1542352279168	36
1542352279203	27
1542352279202	31
1542352279204	31
1542352279233	27
1542352279230	30
1542352279235	43
1542352279260	24
1542352279260	28
1542352279278	21
1542352279284	25
1542352279288	27
1542352279299	32
1542352279315	29
1542352279332	27
1542352279309	53
1542352279344	21
1542352279359	33
1542352279365	29
1542352279362	32
1542352279392	37
1542352279429	28
1542352279394	63
1542352279394	67
1542352279457	28
1542352279461	29
1542352279485	32
1542352279457	65
1542352279490	41
1542352279531	34
1542352279522	55
1542352279565	36
1542352279517	88
1542352279578	29
1542352279607	26
1542352279601	32
1542352279605	32
1542352279637	29
1542352279633	33
1542352279633	38
1542352279671	26
1542352279698	25
1542352279666	57
1542352279666	61
1542352279724	30
1542352279724	34
1542352279727	35
1542352279755	36
1542352279758	35
1542352279762	31
1542352279793	33
1542352279791	36
1542352279793	56
1542352279826	64
1542352279827	65
1542352279849	50
1542352279892	26
1542352279890	28
1542352279918	23
1542352279918	27
1542352279900	56
1542352279941	35
1542352279945	33
1542352279956	31
1542352279976	36
1542352279987	31
1542352280012	31
1542352279978	68
1542352280046	26
1542352280043	30
1542352280018	56
1542352280073	30
1542352280072	32
1542352280074	30
1542352280104	33
1542352280103	43
1542352280104	42
1542352280146	39
1542352280146	65
1542352280138	74
1542352280185	29
1542352280212	25
1542352280214	24
1542352280212	36
1542352280237	28
1542352280248	22
1542352280238	50
1542352280265	29
1542352280270	24
1542352280289	29
1542352280294	30
1542352280294	31
1542352280318	32
1542352280324	32
1542352280325	32
1542352280357	28
1542352280356	32
1542352280350	38
1542352280388	23
1542352280385	27
1542352280388	24
1542352280411	54
1542352280412	53
1542352280412	53
1542352280465	30
1542352280465	34
1542352280465	38
1542352280503	53
1542352280499	59
1542352280495	89
1542352280558	27
1542352280556	31
1542352280585	28
1542352280587	27
1542352280584	33
1542352280617	27
1542352280613	31
1542352280614	32
1542352280644	31
1542352280644	35
1542352280646	35
1542352280679	30
1542352280681	30
1542352280675	61
1542352280709	60
1542352280711	59
1542352280736	51
1542352280769	26
1542352280770	26
1542352280796	25
1542352280795	26
1542352280787	39
1542352280826	24
1542352280821	32
1542352280821	41
1542352280850	21
1542352280853	32
1542352280862	32
1542352280871	29
1542352280885	26
1542352280900	32
1542352280894	57
1542352280932	33
1542352280911	54
1542352280951	27
1542352280965	28
1542352280978	27
1542352280965	56
1542352280993	31
1542352281005	26
1542352281021	22
1542352281031	40
1542352281043	30
1542352281024	49
1542352281071	46
1542352281117	22
1542352281073	79
1542352281073	80
1542352281139	30
1542352281152	23
1542352281153	36
1542352281175	22
1542352281169	32
1542352281189	30
1542352281197	30
1542352281201	27
1542352281219	27
1542352281227	30
1542352281228	31
1542352281246	33
1542352281257	28
1542352281279	28
1542352281285	24
1542352281259	59
1542352281310	54
1542352281307	67
1542352281318	57
1542352281374	28
1542352281375	33
1542352281364	56
1542352281402	23
1542352281408	27
1542352281420	28
1542352281425	31
1542352281435	32
1542352281448	29
1542352281456	28
1542352281467	23
1542352281477	28
1542352281484	33
1542352281491	28
1542352281505	23
1542352281519	35
1542352281517	47
1542352281528	60
1542352281564	25
1542352281554	52
1542352281588	30
1542352281606	27
1542352281589	63
1542352281618	51
1542352281633	55
1542352281652	40
1542352281669	25
1542352281688	31
1542352281694	25
1542352281692	29
1542352281721	27
1542352281719	33
1542352281719	35
1542352281748	28
1542352281752	32
1542352281754	30
1542352281776	66
1542352281784	60
1542352281784	61
1542352281842	28
1542352281844	28
1542352281845	28
1542352281870	25
1542352281895	34
1542352281872	61
1542352281873	60
1542352281929	25
1542352281933	32
1542352281933	33
1542352281954	26
1542352281965	27
1542352281966	34
1542352281981	31
1542352281992	26
1542352282000	26
1542352282012	24
1542352282018	23
1542352282026	28
1542352282036	23
1542352282041	25
1542352282061	21
1542352282054	37
1542352282066	27
1542352282083	39
1542352282091	33
1542352282093	31
1542352282123	31
1542352282124	32
1542352282124	33
1542352282154	26
1542352282157	27
1542352282156	37
1542352282180	20
1542352282184	24
1542352282200	22
1542352282193	34
1542352282227	37
1542352282208	60
1542352282222	48
1542352282264	37
1542352282270	31
1542352282269	37
1542352282301	31
1542352282301	36
1542352282306	37
1542352282332	35
1542352282343	31
1542352282342	32
1542352282367	31
1542352282377	26
1542352282377	26
1542352282403	22
1542352282404	25
1542352282398	34
1542352282425	26
1542352282429	27
1542352282432	29
1542352282461	49
1542352282456	55
1542352282451	61
1542352282512	51
1542352282510	53
1542352282511	63
1542352282563	28
1542352282574	29
1542352282563	52
1542352282592	27
1542352282603	22
1542352282616	27
1542352282619	30
1542352282625	29
1542352282643	33
1542352282654	29
1542352282649	35
1542352282676	30
1542352282683	26
1542352282684	26
1542352282709	27
1542352282706	30
1542352282710	27
1542352282736	24
1542352282736	50
1542352282760	30
1542352282737	58
1542352282787	28
1542352282790	31
1542352282796	31
1542352282821	46
1542352282815	53
1542352282827	56
1542352282867	27
1542352282868	43
1542352282883	28
1542352282894	21
1542352282911	28
1542352282911	29
1542352282915	29
1542352282940	30
1542352282939	35
1542352282944	32
1542352282974	28
1542352282976	37
1542352282970	58
1542352283002	30
1542352283013	21
1542352283032	27
1542352283034	26
1542352283028	33
1542352283059	34
1542352283061	37
1542352283060	41
1542352283098	24
1542352283094	33
1542352283101	30
1542352283122	41
1542352283127	40
1542352283131	38
1542352283163	26
1542352283167	28
1542352283169	27
1542352283189	31
1542352283195	26
1542352283196	26
1542352283221	27
1542352283222	31
1542352283220	36
1542352283248	27
1542352283256	30
1542352283253	37
1542352283275	34
1542352283286	25
1542352283290	32
1542352283309	34
1542352283311	37
1542352283322	27
1542352283349	22
1542352283343	28
1542352283348	29
1542352283371	28
1542352283377	28
1542352283371	61
1542352283405	27
1542352283399	35
1542352283432	59
1542352283434	63
1542352283432	67
1542352283491	34
1542352283497	29
1542352283525	29
1542352283526	29
1542352283500	62
1542352283562	27
1542352283554	35
1542352283555	50
1542352283589	27
1542352283605	28
1542352283589	59
1542352283633	35
1542352283617	53
1542352283648	32
1542352283670	33
1542352283668	37
1542352283680	32
1542352283703	28
1542352283705	26
1542352283712	45
1542352283757	30
1542352283731	57
1542352283731	62
1542352283787	28
1542352283788	32
1542352283793	28
1542352283821	23
1542352283815	35
1542352283820	33
1542352283844	27
1542352283850	28
1542352283853	31
1542352283871	27
1542352283884	24
1542352283878	35
1542352283898	36
1542352283908	26
1542352283913	23
1542352283936	26
1542352283934	28
1542352283934	32
1542352283962	24
1542352283962	30
1542352283966	30
1542352283986	27
1542352283992	28
1542352283996	30
1542352284026	47
1542352284020	58
1542352284013	70
1542352284078	24
1542352284083	32
1542352284073	45
1542352284102	27
1542352284115	22
1542352284118	31
1542352284129	37
1542352284137	29
1542352284150	27
1542352284166	27
1542352284166	29
1542352284177	31
1542352284193	35
1542352284195	35
1542352284208	23
1542352284228	21
1542352284231	23
1542352284230	30
1542352284249	42
1542352284260	31
1542352284291	26
1542352284254	69
1542352284291	34
1542352284325	60
1542352284317	73
1542352284323	67
1542352284385	35
1542352284390	33
1542352284390	33
1542352284420	30
1542352284423	47
1542352284450	25
1542352284423	58
1542352284470	23
1542352284475	30
1542352284481	24
1542352284493	34
1542352284505	28
1542352284505	29
1542352284527	32
1542352284533	37
1542352284534	37
1542352284559	28
1542352284570	21
1542352284571	30
1542352284591	27
1542352284587	32
1542352284601	36
1542352284619	32
1542352284618	37
1542352284637	41
1542352284651	32
1542352284655	34
1542352284678	21
1542352284683	29
1542352284689	30
1542352284699	34
1542352284712	27
1542352284719	27
1542352284733	32
1542352284739	27
1542352284765	31
1542352284746	62
1542352284766	50
1542352284796	25
1542352284808	30
1542352284816	48
1542352284838	32
1542352284821	51
1542352284864	29
1542352284870	29
1542352284872	33
1542352284893	34
1542352284899	30
1542352284905	29
1542352284927	31
1542352284929	30
1542352284934	33
1542352284967	46
1542352284958	55
1542352284959	60
1542352285013	28
1542352285019	28
1542352285013	50
1542352285041	35
1542352285047	31
1542352285063	35
1542352285076	27
1542352285078	29
1542352285098	34
1542352285132	31
1542352285107	56
1542352285103	60
1542352285163	28
1542352285163	29
1542352285163	34
1542352285192	24
1542352285191	34
1542352285197	35
1542352285216	54
1542352285225	47
1542352285232	54
1542352285270	26
1542352285272	31
1542352285286	26
1542352285296	26
1542352285303	22
1542352285313	26
1542352285322	23
1542352285326	26
1542352285345	25
1542352285339	31
1542352285352	32
1542352285370	35
1542352285384	30
1542352285370	55
1542352285406	31
1542352285415	29
1542352285425	28
1542352285437	33
1542352285444	27
1542352285453	24
1542352285470	28
1542352285477	27
1542352285471	57
1542352285498	30
1542352285504	30
1542352285528	45
1542352285534	39
1542352285573	34
1542352285573	37
1542352285528	85
1542352285610	33
1542352285613	36
1542352285607	45
1542352285643	32
1542352285652	26
1542352285649	35
1542352285678	26
1542352285675	30
1542352285684	26
1542352285704	32
1542352285710	26
1542352285705	57
1542352285736	42
1542352285736	42
1542352285762	33
1542352285778	27
1542352285778	29
1542352285807	63
1542352285795	76
1542352285805	88
1542352285870	27
1542352285871	32
1542352285893	21
1542352285897	23
1542352285903	30
1542352285914	26
1542352285920	38
1542352285933	30
1542352285940	32
1542352285963	28
1542352285958	36
1542352285972	28
1542352286000	28
1542352285994	34
1542352285991	51
1542352286042	23
1542352286028	57
1542352286028	57
1542352286065	36
1542352286085	22
1542352286101	33
1542352286108	33
1542352286085	59
1542352286144	44
1542352286141	49
1542352286190	38
1542352286188	45
1542352286134	100
1542352286228	20
1542352286234	25
1542352286233	26
1542352286248	22
1542352286259	22
1542352286259	30
1542352286270	29
1542352286290	28
1542352286281	40
1542352286299	31
1542352286318	28
1542352286321	29
1542352286330	25
1542352286355	24
1542352286346	33
1542352286350	32
1542352286382	25
1542352286379	55
1542352286379	57
1542352286407	29
1542352286436	59
1542352286434	69
1542352286495	29
1542352286436	91
1542352286503	30
1542352286524	28
1542352286533	24
1542352286527	38
1542352286552	27
1542352286557	22
1542352286565	46
1542352286579	33
1542352286579	34
1542352286611	32
1542352286613	30
1542352286612	34
1542352286643	27
1542352286646	29
1542352286643	35
1542352286675	28
1542352286678	31
1542352286670	43
1542352286703	27
1542352286713	68
1542352286709	75
1542352286730	71
1542352286784	22
1542352286781	37
1542352286806	25
1542352286818	29
1542352286802	59
1542352286832	32
1542352286847	22
1542352286861	44
1542352286864	41
1542352286869	36
1542352286905	28
1542352286905	34
1542352286905	38
1542352286939	28
1542352286933	34
1542352286943	27
1542352286967	29
1542352286970	26
1542352286967	29
1542352286996	32
1542352286996	45
1542352286996	59
1542352287028	57
1542352287055	33
1542352287041	50
1542352287085	28
1542352287088	31
1542352287119	23
1542352287091	57
1542352287113	38
1542352287142	28
1542352287148	26
1542352287151	29
1542352287170	29
1542352287174	27
1542352287180	22
1542352287202	29
1542352287199	35
1542352287201	51
1542352287231	34
1542352287234	34
1542352287252	33
1542352287265	30
1542352287268	27
1542352287295	25
1542352287295	25
1542352287285	35
1542352287320	34
1542352287320	34
1542352287320	41
1542352287361	32
1542352287354	62
1542352287354	62
1542352287393	31
1542352287424	20
1542352287416	34
1542352287416	37
1542352287444	21
1542352287450	34
1542352287453	34
1542352287465	32
1542352287487	31
1542352287484	39
1542352287497	31
1542352287518	20
1542352287523	29
1542352287528	29
1542352287539	33
1542352287557	24
1542352287552	53
1542352287581	27
1542352287572	60
1542352287605	49
1542352287608	61
1542352287633	39
1542352287654	40
1542352287669	32
1542352287672	30
1542352287694	38
1542352287702	31
1542352287701	37
1542352287732	30
1542352287738	24
1542352287733	36
1542352287762	30
1542352287762	30
1542352287769	29
1542352287792	34
1542352287792	34
1542352287798	30
1542352287828	26
1542352287826	35
1542352287826	37
1542352287854	22
1542352287863	34
1542352287861	38
1542352287876	34
1542352287897	31
1542352287899	29
1542352287928	47
1542352287928	48
1542352287910	71
1542352287976	37
1542352287976	39
1542352287981	35
1542352288013	27
1542352288016	28
1542352288015	33
1542352288044	24
1542352288040	35
1542352288048	30
1542352288078	23
1542352288075	26
1542352288068	34
1542352288101	35
1542352288101	62
1542352288136	39
1542352288102	74
1542352288163	29
1542352288176	33
1542352288175	36
1542352288192	26
1542352288209	72
1542352288211	70
1542352288218	65
1542352288284	22
1542352288281	25
1542352288281	26
1542352288306	32
1542352288307	33
1542352288306	63
1542352288338	40
1542352288340	39
1542352288369	29
1542352288378	28
1542352288379	31
1542352288406	34
1542352288410	30
1542352288399	54
1542352288440	21
1542352288440	22
1542352288453	32
1542352288462	29
1542352288485	25
1542352288461	49
1542352288491	30
1542352288510	56
1542352288521	51
1542352288572	26
1542352288510	91
1542352288566	37
1542352288598	21
1542352288601	44
1542352288603	42
1542352288619	29
1542352288648	32
1542352288645	38
1542352288645	39
1542352288680	30
1542352288684	26
1542352288683	47
1542352288710	25
1542352288710	50
1542352288730	30
1542352288735	53
1542352288760	33
1542352288760	34
1542352288788	28
1542352288793	29
1542352288794	30
1542352288816	64
1542352288822	60
1542352288824	58
1542352288882	22
1542352288882	26
1542352288883	26
1542352288904	20
1542352288908	24
1542352288909	29
1542352288925	30
1542352288932	24
1542352288938	29
1542352288955	35
1542352288956	35
1542352288967	31
1542352288990	33
1542352288992	33
1542352288998	31
1542352289029	26
1542352289023	32
1542352289025	33
1542352289058	44
1542352289055	55
1542352289055	55
1542352289111	46
1542352289102	55
1542352289111	47
1542352289158	33
1542352289157	37
1542352289157	59
1542352289194	27
1542352289191	32
1542352289216	26
1542352289221	24
1542352289223	22
1542352289242	26
1542352289268	30
1542352289245	54
1542352289245	55
1542352289298	22
1542352289299	31
1542352289300	32
1542352289320	24
1542352289330	32
1542352289332	33
1542352289344	25
1542352289369	27
1542352289365	34
1542352289362	37
1542352289399	32
1542352289396	35
1542352289399	33
1542352289431	33
1542352289432	32
1542352289431	34
1542352289464	44
1542352289465	45
1542352289465	46
1542352289508	36
1542352289511	35
1542352289510	36
1542352289544	29
1542352289546	31
1542352289573	28
1542352289577	25
1542352289546	60
1542352289601	27
1542352289602	26
1542352289606	27
1542352289628	25
1542352289628	27
1542352289633	24
1542352289653	26
1542352289655	30
1542352289657	30
1542352289679	32
1542352289685	29
1542352289687	29
1542352289715	56
1542352289712	59
1542352289716	56
1542352289772	30
1542352289771	57
1542352289802	27
1542352289771	60
1542352289831	34
1542352289828	46
1542352289829	58
1542352289865	34
1542352289874	32
1542352289887	24
1542352289899	28
1542352289906	25
1542352289911	26
1542352289931	26
1542352289937	25
1542352289927	52
1542352289958	27
1542352289979	23
1542352289985	28
1542352289962	52
1542352290014	43
1542352290014	45
1542352290002	57
1542352290057	31
1542352290059	30
1542352290059	31
1542352290090	50
1542352290089	55
1542352290088	57
1542352290140	22
1542352290144	23
1542352290145	23
1542352290162	26
1542352290167	23
1542352290168	22
1542352290188	29
1542352290190	39
1542352290197	47
1542352290217	29
1542352290229	28
1542352290244	26
1542352290246	26
1542352290257	26
1542352290270	25
1542352290272	26
1542352290283	28
1542352290298	31
1542352290311	62
1542352290295	78
1542352290329	48
1542352290373	32
1542352290373	37
1542352290377	35
1542352290412	21
1542352290410	33
1542352290433	27
1542352290406	58
1542352290443	25
1542352290460	28
1542352290465	25
1542352290468	24
1542352290488	27
1542352290492	37
1542352290515	32
1542352290490	63
1542352290529	29
1542352290547	28
1542352290553	28
1542352290558	33
1542352290575	28
1542352290581	36
1542352290591	30
1542352290603	28
1542352290621	42
1542352290617	50
1542352290631	46
1542352290663	22
1542352290667	40
1542352290677	34
1542352290711	27
1542352290707	34
1542352290685	59
1542352290741	24
1542352290744	31
1542352290738	48
1542352290765	30
1542352290775	26
1542352290786	31
1542352290795	29
1542352290801	25
1542352290817	26
1542352290824	24
1542352290826	24
1542352290843	32
1542352290848	29
1542352290850	31
1542352290875	23
1542352290877	27
1542352290881	32
1542352290898	21
1542352290904	21
1542352290913	47
1542352290925	37
1542352290919	43
1542352290960	22
1542352290962	29
1542352290962	38
1542352290982	23
1542352290991	35
1542352291000	27
1542352291005	26
1542352291026	30
1542352291031	29
1542352291056	24
1542352291028	53
1542352291060	29
1542352291081	28
1542352291089	29
1542352291109	31
1542352291118	24
1542352291080	62
1542352291140	25
1542352291142	29
1542352291142	30
1542352291166	54
1542352291171	55
1542352291220	47
1542352291226	42
1542352291172	99
1542352291268	31
1542352291267	32
1542352291271	36
1542352291307	25
1542352291299	37
1542352291299	39
1542352291332	33
1542352291336	32
1542352291339	31
1542352291368	31
1542352291370	31
1542352291365	36
1542352291399	27
1542352291401	25
1542352291401	34
1542352291426	21
1542352291426	21
1542352291435	32
1542352291467	22
1542352291447	65
1542352291489	23
1542352291447	65
1542352291512	58
1542352291512	60
1542352291512	60
1542352291570	35
1542352291572	34
1542352291572	43
1542352291605	21
1542352291615	32
1542352291626	22
1542352291606	64
1542352291647	27
1542352291648	32
1542352291670	23
1542352291680	28
1542352291693	29
1542352291674	51
1542352291708	35
1542352291722	37
1542352291725	38
1542352291743	26
1542352291769	21
1542352291759	32
1542352291763	29
1542352291791	28
1542352291790	32
1542352291792	32
1542352291824	30
1542352291819	38
1542352291822	36
1542352291857	34
1542352291858	35
1542352291854	68
1542352291893	29
1542352291891	32
1542352291922	22
1542352291923	29
1542352291944	25
1542352291922	54
1542352291952	26
1542352291978	27
1542352291976	34
1542352291969	59
1542352292010	31
1542352292005	38
1542352292028	27
1542352292041	22
1542352292043	30
1542352292055	30
1542352292063	23
1542352292073	26
1542352292085	29
1542352292086	32
1542352292099	29
1542352292128	40
1542352292114	58
1542352292118	55
1542352292168	27
1542352292172	31
1542352292173	32
1542352292195	34
1542352292205	26
1542352292203	32
1542352292235	23
1542352292232	26
1542352292229	33
1542352292258	22
1542352292262	25
1542352292259	31
1542352292280	26
1542352292287	27
1542352292290	27
1542352292306	32
1542352292317	26
1542352292314	31
1542352292338	25
1542352292343	21
1542352292345	32
1542352292364	28
1542352292363	30
1542352292377	25
1542352292393	26
1542352292392	31
1542352292402	24
1542352292419	66
1542352292485	27
1542352292426	87
1542352292423	92
1542352292515	31
1542352292513	35
1542352292512	54
1542352292546	28
1542352292548	30
1542352292566	30
1542352292574	27
1542352292578	33
1542352292596	23
1542352292601	27
1542352292612	27
1542352292619	30
1542352292628	26
1542352292639	21
1542352292649	32
1542352292654	30
1542352292660	26
1542352292684	27
1542352292686	31
1542352292681	37
1542352292718	35
1542352292711	42
1542352292717	40
1542352292753	22
1542352292757	31
1542352292775	33
1542352292788	22
1542352292753	58
1542352292808	26
1542352292810	33
1542352292812	31
1542352292834	37
1542352292843	34
1542352292843	36
1542352292871	22
1542352292877	26
1542352292879	25
1542352292893	28
1542352292903	24
1542352292921	26
1542352292927	22
1542352292905	49
1542352292947	32
1542352292949	32
1542352292954	31
1542352292985	28
1542352292981	32
1542352292979	35
1542352293014	58
1542352293013	64
1542352293013	65
1542352293077	27
1542352293078	27
1542352293072	33
1542352293104	21
1542352293105	26
1542352293125	25
1542352293105	59
1542352293131	57
1542352293150	38
1542352293164	27
1542352293188	26
1542352293188	35
1542352293223	30
1542352293214	39
1542352293191	63
1542352293253	28
1542352293253	29
1542352293254	32
1542352293286	26
1542352293282	34
1542352293281	74
1542352293316	52
1542352293312	58
1542352293355	29
1542352293368	25
1542352293370	33
1542352293384	25
1542352293393	26
1542352293409	33
1542352293419	24
1542352293403	55
1542352293442	21
1542352293443	33
1542352293458	21
1542352293463	22
1542352293479	25
1542352293476	32
1542352293485	29
1542352293504	26
1542352293508	26
1542352293514	26
1542352293530	30
1542352293534	26
1542352293540	27
1542352293567	31
1542352293560	38
1542352293560	41
1542352293598	29
1542352293598	33
1542352293602	44
1542352293646	38
1542352293631	57
1542352293627	62
1542352293688	28
1542352293685	33
1542352293716	24
1542352293689	55
1542352293718	31
1542352293740	25
1542352293744	27
1542352293749	27
1542352293765	32
1542352293771	28
1542352293776	24
1542352293799	30
1542352293800	30
1542352293797	35
1542352293830	37
1542352293832	36
1542352293829	39
1542352293868	29
1542352293867	33
1542352293868	33
1542352293897	27
1542352293900	28
1542352293901	28
1542352293928	42
1542352293929	41
1542352293924	46
1542352293970	33
1542352293970	33
1542352293970	37
1542352294003	27
1542352294003	30
1542352294007	31
1542352294033	30
1542352294030	42
1542352294038	52
1542352294072	28
1542352294063	39
1542352294090	24
1542352294102	28
1542352294114	31
1542352294100	47
1542352294130	22
1542352294145	29
1542352294147	28
1542352294153	30
1542352294175	31
1542352294174	34
1542352294183	29
1542352294206	26
1542352294208	43
1542352294212	57
1542352294251	29
1542352294232	51
1542352294283	24
1542352294280	31
1542352294269	58
1542352294307	25
1542352294311	31
1542352294327	31
1542352294342	26
1542352294358	31
1542352294368	22
1542352294332	60
1542352294390	28
1542352294392	33
1542352294389	36
1542352294418	25
1542352294425	26
1542352294425	28
1542352294443	39
1542352294451	31
1542352294453	29
1542352294482	34
1542352294482	37
1542352294482	60
1542352294519	30
1542352294516	37
1542352294549	45
1542352294542	56
1542352294594	27
1542352294553	73
1542352294598	32
1542352294630	33
1542352294626	39
1542352294622	53
1542352294665	24
1542352294663	26
1542352294675	26
1542352294689	28
1542352294701	21
1542352294689	48
1542352294717	30
1542352294722	26
1542352294737	32
1542352294747	29
1542352294748	30
1542352294769	31
1542352294776	28
1542352294778	28
1542352294800	27
1542352294804	60
1542352294827	37
1542352294806	61
1542352294867	25
1542352294864	28
1542352294864	28
1542352294892	26
1542352294892	54
1542352294892	59
1542352294918	34
1542352294951	28
1542352294952	29
1542352294946	49
1542352294979	26
1542352294981	25
1542352294995	28
1542352295006	25
1542352295005	26
1542352295023	32
1542352295055	30
1542352295031	54
1542352295031	65
1542352295085	23
1542352295085	38
1542352295096	32
1542352295123	28
1542352295108	45
1542352295128	30
1542352295151	27
1542352295158	26
1542352295153	35
1542352295178	25
1542352295184	24
1542352295188	40
1542352295203	26
1542352295208	31
1542352295229	33
1542352295239	25
1542352295228	59
1542352295262	30
1542352295264	37
1542352295287	24
1542352295301	24
1542352295292	37
1542352295311	33
1542352295329	24
1542352295325	28
1542352295344	35
1542352295353	54
1542352295379	31
1542352295353	59
1542352295410	31
1542352295407	38
1542352295412	47
1542352295441	36
1542352295445	37
1542352295459	26
1542352295477	29
1542352295482	27
1542352295485	26
1542352295506	28
1542352295509	26
1542352295511	24
1542352295534	26
1542352295535	28
1542352295535	31
1542352295560	27
1542352295563	29
1542352295566	30
1542352295587	22
1542352295592	30
1542352295596	30
1542352295609	26
1542352295626	22
1542352295622	27
1542352295635	27
1542352295648	21
1542352295649	25
1542352295662	25
1542352295669	24
1542352295674	20
1542352295693	32
1542352295695	32
1542352295687	61
1542352295725	43
1542352295727	44
1542352295748	28
1542352295768	22
1542352295776	37
1542352295771	42
1542352295790	30
1542352295813	28
1542352295813	33
1542352295820	31
1542352295841	22
1542352295846	27
1542352295851	27
1542352295863	26
1542352295873	21
1542352295878	27
1542352295894	26
1542352295889	36
1542352295905	24
1542352295929	25
1542352295925	29
1542352295920	36
1542352295954	35
1542352295954	39
1542352295956	39
1542352295989	20
1542352295993	28
1542352295995	32
1542352296009	58
1542352296021	48
1542352296027	51
1542352296067	25
1542352296069	25
1542352296078	22
1542352296094	28
1542352296092	34
1542352296100	31
1542352296122	27
1542352296126	25
1542352296131	35
1542352296151	24
1542352296149	31
1542352296166	33
1542352296175	29
1542352296180	32
1542352296199	23
1542352296212	27
1542352296222	30
1542352296204	53
1542352296239	21
1542352296252	26
1542352296257	33
1542352296260	32
1542352296278	34
1542352296290	35
1542352296292	33
1542352296325	28
1542352296325	32
1542352296312	48
1542352296353	29
1542352296357	26
1542352296360	24
1542352296384	26
1542352296383	27
1542352296410	28
1542352296410	29
1542352296382	61
1542352296438	25
1542352296440	33
1542352296443	34
1542352296463	27
1542352296473	26
1542352296477	24
1542352296490	29
1542352296499	31
1542352296501	29
1542352296519	22
1542352296530	21
1542352296530	26
1542352296541	26
1542352296551	26
1542352296556	26
1542352296567	32
1542352296577	28
1542352296582	28
1542352296599	33
1542352296610	76
1542352296632	54
1542352296605	83
1542352296688	27
1542352296686	55
1542352296715	26
1542352296686	55
1542352296741	34
1542352296741	60
1542352296741	63
1542352296775	30
1542352296801	28
1542352296804	33
1542352296805	32
1542352296829	34
1542352296837	29
1542352296837	29
1542352296863	31
1542352296866	29
1542352296895	26
1542352296894	27
1542352296866	55
1542352296921	48
1542352296921	50
1542352296921	75
1542352296969	30
1542352296971	32
1542352296999	34
1542352297003	30
1542352296996	37
1542352297033	31
1542352297033	32
1542352297064	29
1542352297065	28
1542352297033	74
1542352297093	37
1542352297093	37
1542352297107	26
1542352297133	35
1542352297130	69
1542352297130	69
1542352297199	31
1542352297199	33
1542352297168	64
1542352297232	24
1542352297230	26
1542352297232	27
1542352297256	32
1542352297259	34
1542352297256	59
1542352297293	26
1542352297288	35
1542352297315	34
1542352297319	30
1542352297323	30
1542352297349	32
1542352297353	30
1542352297349	98
1542352297381	66
1542352297383	99
1542352297447	35
1542352297447	40
1542352297482	29
1542352297487	29
1542352297482	72
1542352297516	47
1542352297511	56
1542352297563	25
1542352297554	39
1542352297567	37
1542352297593	27
1542352297588	34
1542352297604	31
1542352297620	27
1542352297622	35
1542352297635	29
1542352297647	21
1542352297657	31
1542352297664	25
1542352297668	27
1542352297695	30
1542352297689	37
1542352297688	51
1542352297726	33
1542352297725	34
1542352297739	22
1542352297759	31
1542352297759	33
1542352297761	31
1542352297790	28
1542352297792	26
1542352297792	30
1542352297818	45
1542352297818	48
1542352297822	47
1542352297869	26
1542352297866	34
1542352297863	54
1542352297895	24
1542352297900	29
1542352297917	26
1542352297919	30
1542352297929	25
1542352297943	31
1542352297949	31
1542352297954	29
1542352297974	21
1542352297980	25
1542352297983	23
1542352297995	25
1542352298005	27
1542352298006	33
1542352298020	25
1542352298039	31
1542352298046	29
1542352298032	54
1542352298070	24
1542352298075	32
1542352298086	26
1542352298094	28
1542352298107	23
1542352298122	32
1542352298130	24
1542352298112	47
1542352298154	27
1542352298159	33
1542352298181	28
1542352298154	61
1542352298192	24
1542352298209	26
1542352298216	23
1542352298215	28
1542352298243	28
1542352298239	34
1542352298271	24
1542352298235	61
1542352298273	32
1542352298296	26
1542352298305	33
1542352298295	47
1542352298322	28
1542352298338	23
1542352298342	31
1542352298361	28
1542352298350	53
1542352298373	31
1542352298389	30
1542352298403	25
1542352298404	26
1542352298430	45
1542352298428	47
1542352298419	57
1542352298476	32
1542352298475	49
1542352298475	54
1542352298508	27
1542352298524	26
1542352298535	24
1542352298550	28
1542352298529	57
1542352298559	32
1542352298578	33
1542352298586	32
1542352298591	29
1542352298611	27
1542352298620	34
1542352298638	28
1542352298618	62
1542352298654	26
1542352298666	34
1542352298680	29
1542352298680	29
1542352298700	33
1542352298733	49
1542352298709	88
1542352298709	92
1542352298783	25
1542352298797	27
1542352298801	28
1542352298808	24
1542352298824	31
1542352298829	34
1542352298863	23
1542352298832	59
1542352298855	38
1542352298886	30
1542352298893	23
1542352298891	29
1542352298916	22
1542352298916	25
1542352298920	26
1542352298938	25
1542352298942	26
1542352298946	25
1542352298968	29
1542352298963	37
1542352298971	29
1542352298997	28
1542352299000	28
1542352299000	33
1542352299025	52
1542352299028	62
1542352299033	57
1542352299077	32
1542352299090	29
1542352299090	33
1542352299109	32
1542352299119	27
1542352299123	27
1542352299141	29
1542352299150	22
1542352299146	29
1542352299172	31
1542352299175	30
1542352299170	54
1542352299203	29
1542352299224	23
1542352299205	53
1542352299232	29
1542352299247	29
1542352299258	37
1542352299276	25
1542352299261	46
1542352299295	30
1542352299301	31
1542352299332	33
1542352299307	58
1542352299325	44
1542352299365	32
1542352299369	30
1542352299365	35
1542352299397	27
1542352299399	27
1542352299400	31
1542352299426	29
1542352299431	27
1542352299424	36
1542352299458	24
1542352299460	25
1542352299455	32
1542352299482	29
1542352299485	26
1542352299487	28
1542352299515	30
1542352299511	57
1542352299511	61
1542352299545	28
1542352299568	34
1542352299572	30
1542352299573	29
1542352299602	31
1542352299602	33
1542352299602	33
1542352299633	29
1542352299635	32
1542352299635	33
1542352299662	21
1542352299667	66
1542352299683	53
1542352299668	70
1542352299733	26
1542352299736	27
1542352299738	27
1542352299765	23
1542352299763	29
1542352299759	52
1542352299788	28
1542352299792	25
1542352299817	25
1542352299811	35
1542352299816	32
1542352299848	31
1542352299842	39
1542352299846	35
1542352299881	28
1542352299881	30
1542352299879	67
1542352299909	54
1542352299911	55
1542352299946	38
1542352299966	26
1542352299963	34
1542352299984	27
1542352299992	24
1542352299997	29
1542352300011	26
1542352300016	27
1542352300026	31
1542352300037	25
1542352300043	33
1542352300062	23
1542352300057	29
1542352300076	38
1542352300086	28
1542352300085	29
1542352300114	21
1542352300114	25
1542352300114	32
1542352300135	28
1542352300139	28
1542352300146	26
1542352300163	26
1542352300167	28
1542352300172	30
1542352300189	30
1542352300195	27
1542352300202	27
1542352300222	42
1542352300219	80
1542352300264	45
1542352300229	89
1542352300299	48
1542352300309	40
1542352300319	31
1542352300347	24
1542352300350	31
1542352300349	34
1542352300371	31
1542352300381	25
1542352300383	26
1542352300402	26
1542352300406	24
1542352300409	27
1542352300428	25
1542352300430	26
1542352300436	31
1542352300453	34
1542352300456	35
1542352300467	30
1542352300487	25
1542352300491	32
1542352300497	28
1542352300525	38
1542352300512	57
1542352300523	46
1542352300563	21
1542352300569	22
1542352300569	26
1542352300584	26
1542352300591	21
1542352300595	31
1542352300612	29
1542352300626	20
1542352300610	58
1542352300641	30
1542352300646	25
1542352300668	34
1542352300702	26
1542352300671	61
1542352300671	61
1542352300729	20
1542352300733	22
1542352300732	28
1542352300749	30
1542352300755	27
1542352300760	32
1542352300779	32
1542352300782	31
1542352300792	21
1542352300811	71
1542352300813	101
1542352300882	32
1542352300813	104
1542352300914	29
1542352300914	33
1542352300917	35
1542352300943	32
1542352300952	26
1542352300947	31
1542352300978	24
1542352300976	29
1542352300978	29
1542352301002	25
1542352301007	29
1542352301005	32
1542352301037	27
1542352301036	28
1542352301027	74
1542352301064	51
1542352301064	63
1542352301101	29
1542352301115	54
1542352301127	48
1542352301130	64
1542352301175	28
1542352301194	26
1542352301169	55
1542352301203	27
1542352301220	25
1542352301224	26
1542352301230	23
1542352301245	25
1542352301250	23
1542352301253	29
1542352301270	24
1542352301273	24
1542352301282	31
1542352301294	22
1542352301297	29
1542352301313	30
1542352301316	27
1542352301326	23
1542352301343	23
1542352301343	27
1542352301349	25
1542352301367	27
1542352301374	24
1542352301370	29
1542352301394	24
1542352301419	64
1542352301398	88
1542352301399	92
1542352301483	36
1542352301491	29
1542352301486	39
1542352301520	27
1542352301519	28
1542352301525	31
1542352301547	23
1542352301556	30
1542352301547	60
1542352301586	22
1542352301570	38
1542352301607	28
1542352301608	29
1542352301608	29
1542352301637	31
1542352301637	33
1542352301635	35
1542352301670	26
1542352301670	26
1542352301668	32
1542352301696	29
1542352301700	30
1542352301725	28
1542352301696	59
1542352301730	26
1542352301756	27
1542352301755	32
1542352301784	30
1542352301753	65
1542352301787	32
1542352301818	29
1542352301814	41
1542352301819	37
1542352301856	36
1542352301892	22
1542352301855	64
1542352301847	72
1542352301919	26
1542352301919	26
1542352301914	43
1542352301957	34
1542352301945	49
1542352301945	52
1542352301997	29
1542352301991	37
1542352301994	34
1542352302028	38
1542352302028	42
1542352302026	45
1542352302066	22
1542352302070	28
1542352302071	30
1542352302098	24
1542352302101	26
1542352302088	54
1542352302127	35
1542352302122	45
1542352302142	35
1542352302162	26
1542352302167	29
1542352302177	30
1542352302188	31
1542352302196	34
1542352302207	27
1542352302219	21
1542352302240	24
1542352302230	35
1542352302234	31
1542352302265	30
1542352302265	34
1542352302264	38
1542352302295	30
1542352302302	28
1542352302299	32
1542352302325	43
1542352302331	51
1542352302368	38
1542352302383	24
1542352302330	87
1542352302407	44
1542352302417	34
1542352302406	50
1542352302456	25
1542352302481	27
1542352302451	58
1542352302451	64
1542352302509	34
1542352302515	33
1542352302508	55
1542352302548	28
1542352302543	35
1542352302563	39
1542352302576	28
1542352302578	29
1542352302602	25
1542352302605	25
1542352302607	30
1542352302627	31
1542352302630	31
1542352302637	39
1542352302658	25
1542352302676	26
1542352302661	55
1542352302683	37
1542352302702	38
1542352302720	34
1542352302740	36
1542352302717	60
1542352302754	27
1542352302777	25
1542352302781	31
1542352302776	49
1542352302802	27
1542352302812	22
1542352302825	25
1542352302829	31
1542352302834	32
1542352302850	37
1542352302866	31
1542352302860	64
1542352302887	37
1542352302897	30
1542352302927	41
1542352302924	48
1542352302924	49
1542352302968	21
1542352302972	36
1542352302973	35
1542352302989	28
1542352303008	23
1542352303008	24
1542352303031	26
1542352303032	27
1542352303017	54
1542352303057	26
1542352303059	29
1542352303071	37
1542352303088	25
1542352303083	31
1542352303114	23
1542352303108	30
1542352303113	25
1542352303137	29
1542352303138	51
1542352303138	54
1542352303166	30
1542352303189	26
1542352303192	28
1542352303196	30
1542352303220	59
1542352303215	73
1542352303226	62
1542352303279	34
1542352303289	26
1542352303288	30
1542352303313	29
1542352303318	25
1542352303315	29
1542352303342	23
1542352303343	29
1542352303344	32
1542352303365	33
1542352303372	27
1542352303376	26
1542352303399	33
1542352303402	34
1542352303398	39
1542352303436	25
1542352303432	33
1542352303437	29
1542352303465	28
1542352303461	32
1542352303466	27
1542352303493	35
1542352303493	58
1542352303493	58
1542352303528	31
1542352303551	44
1542352303559	37
1542352303551	46
1542352303595	31
1542352303596	54
1542352303597	56
1542352303626	30
1542352303650	22
1542352303653	29
1542352303656	28
1542352303672	27
1542352303682	27
1542352303684	25
1542352303699	31
1542352303709	22
1542352303730	27
1542352303709	55
1542352303731	34
1542352303758	22
1542352303764	26
1542352303765	27
1542352303780	26
1542352303790	26
1542352303792	39
1542352303816	49
1542352303806	63
1542352303831	40
1542352303865	27
1542352303869	34
1542352303871	32
1542352303892	25
1542352303903	26
1542352303903	28
1542352303917	31
1542352303931	29
1542352303929	34
1542352303948	23
1542352303960	23
1542352303971	22
1542352303963	54
1542352303993	25
1542352304017	29
1542352303983	63
1542352304018	32
1542352304046	26
1542352304046	27
1542352304050	28
1542352304073	34
1542352304078	30
1542352304072	56
1542352304108	23
1542352304107	28
1542352304128	27
1542352304131	25
1542352304135	29
1542352304156	28
1542352304156	32
1542352304164	26
1542352304184	37
1542352304190	33
1542352304188	38
1542352304223	27
1542352304221	31
1542352304226	29
1542352304250	27
1542352304255	25
1542352304252	32
1542352304280	32
1542352304284	28
1542352304277	57
1542352304312	23
1542352304312	26
1542352304334	24
1542352304336	30
1542352304338	30
1542352304358	22
1542352304368	29
1542352304366	33
1542352304380	23
1542352304397	27
1542352304399	29
1542352304403	29
1542352304428	27
1542352304424	31
1542352304432	28
1542352304460	28
1542352304488	29
1542352304456	61
1542352304456	63
1542352304517	33
1542352304517	35
1542352304519	33
1542352304550	27
1542352304552	29
1542352304552	31
1542352304577	30
1542352304581	28
1542352304583	36
1542352304607	32
1542352304609	30
1542352304619	25
1542352304644	23
1542352304639	28
1542352304639	62
1542352304667	35
1542352304667	59
1542352304702	28
1542352304701	30
1542352304730	33
1542352304726	38
1542352304731	33
1542352304763	43
1542352304764	42
1542352304764	46
1542352304810	35
1542352304806	66
1542352304845	27
1542352304806	72
1542352304872	25
1542352304872	31
1542352304878	32
1542352304897	30
1542352304910	27
1542352304903	53
1542352304927	58
1542352304956	35
1542352304937	60
1542352304985	22
1542352304991	21
1542352305007	26
1542352304997	36
1542352305013	28
1542352305033	50
1542352305033	55
1542352305041	48
1542352305083	37
1542352305088	35
1542352305089	34
1542352305120	26
1542352305123	42
1542352305123	44
1542352305146	33
1542352305165	30
1542352305167	28
1542352305179	24
1542352305195	24
1542352305203	23
1542352305195	49
1542352305219	29
1542352305244	29
1542352305248	26
1542352305226	68
1542352305273	27
1542352305274	32
1542352305294	27
1542352305300	25
1542352305306	22
1542352305325	38
1542352305321	48
1542352305363	34
1542352305369	45
1542352305328	86
1542352305397	32
1542352305414	29
1542352305414	33
1542352305429	34
1542352305444	24
1542352305447	29
1542352305464	29
1542352305468	30
1542352305476	29
1542352305493	21
1542352305505	36
1542352305514	28
1542352305498	54
1542352305541	28
1542352305542	31
1542352305552	23
1542352305569	28
1542352305575	24
1542352305574	28
1542352305602	30
1542352305599	34
1542352305597	58
1542352305632	57
1542352305633	59
1542352305655	42
1542352305689	29
1542352305692	29
1542352305697	25
1542352305722	26
1542352305721	27
1542352305748	28
1542352305718	62
1542352305748	35
1542352305776	34
1542352305781	30
1542352305783	29
1542352305811	37
1542352305810	38
1542352305812	58
1542352305848	22
1542352305848	26
1542352305870	24
1542352305870	24
1542352305874	23
1542352305897	25
1542352305894	28
1542352305894	32
1542352305922	70
1542352305926	100
1542352305922	105
1542352305992	35
1542352306026	34
1542352306027	35
1542352306027	37
1542352306064	26
1542352306062	30
1542352306061	50
1542352306090	29
1542352306092	27
1542352306111	27
1542352306119	26
1542352306119	36
1542352306139	24
1542352306146	24
1542352306156	30
1542352306164	30
1542352306170	31
1542352306186	24
1542352306194	32
1542352306201	31
1542352306210	35
1542352306226	32
1542352306232	26
1542352306245	43
1542352306258	31
1542352306258	32
1542352306288	61
1542352306290	60
1542352306289	62
1542352306350	33
1542352306351	34
1542352306349	65
1542352306383	32
1542352306385	30
1542352306414	30
1542352306415	48
1542352306415	49
1542352306444	23
1542352306463	23
1542352306464	23
1542352306467	22
1542352306486	25
1542352306489	28
1542352306487	32
1542352306519	50
1542352306517	55
1542352306511	61
1542352306569	29
1542352306572	31
1542352306572	33
1542352306598	22
1542352306605	21
1542352306603	24
1542352306620	21
1542352306627	22
1542352306627	22
1542352306641	34
1542352306649	32
1542352306676	32
1542352306649	64
1542352306681	32
1542352306708	32
1542352306713	29
1542352306713	29
1542352306740	30
1542352306742	28
1542352306742	29
1542352306770	28
1542352306770	28
1542352306771	28
1542352306799	38
1542352306798	39
1542352306798	39
1542352306838	52
1542352306839	51
1542352306839	51
1542352306891	33
1542352306891	35
1542352306891	56
1542352306924	23
1542352306926	27
1542352306947	28
1542352306947	28
1542352306953	23
1542352306975	36
1542352306976	35
1542352306975	36
1542352307012	26
1542352307013	28
1542352307014	29
1542352307038	26
1542352307041	36
1542352307043	35
1542352307064	25
1542352307078	27
1542352307077	28
1542352307089	65
1542352307105	52
1542352307105	53
1542352307154	26
1542352307158	32
1542352307157	41
1542352307180	27
1542352307199	29
1542352307198	33
1542352307210	31
1542352307230	32
1542352307231	32
1542352307241	26
1542352307262	29
1542352307263	28
1542352307267	28
1542352307291	27
1542352307291	29
1542352307295	28
1542352307320	30
1542352307318	32
1542352307323	29
1542352307350	35
1542352307350	37
1542352307352	36
1542352307388	27
1542352307386	31
1542352307387	31
1542352307419	47
1542352307420	46
1542352307419	51
1542352307467	28
1542352307467	28
1542352307470	26
1542352307497	30
1542352307497	52
1542352307497	60
1542352307527	30
1542352307549	28
1542352307557	34
1542352307577	33
1542352307557	58
1542352307591	30
1542352307610	27
1542352307616	24
1542352307621	28
1542352307637	27
1542352307640	24
1542352307649	27
1542352307664	28
1542352307676	32
1542352307664	56
1542352307692	28
1542352307708	59
1542352307720	53
1542352307720	84
1542352307773	32
1542352307767	39
1542352307805	23
1542352307804	28
1542352307806	28
1542352307828	21
1542352307832	31
1542352307834	29
1542352307849	31
1542352307863	33
1542352307863	33
1542352307880	26
1542352307896	27
1542352307896	29
1542352307906	30
1542352307936	23
1542352307925	39
1542352307923	63
1542352307959	28
1542352307964	27
1542352307986	29
1542352307987	33
1542352308015	40
1542352307991	64
1542352308020	39
1542352308055	27
1542352308055	29
1542352308059	27
1542352308086	29
1542352308082	37
1542352308084	36
1542352308121	32
1542352308119	36
1542352308115	53
1542352308153	27
1542352308155	26
1542352308168	36
1542352308180	24
1542352308204	31
1542352308181	56
1542352308204	37
1542352308235	26
1542352308241	28
1542352308237	32
1542352308261	32
1542352308269	52
1542352308269	56
1542352308293	33
1542352308321	50
1542352308326	55
1542352308326	60
1542352308381	27
1542352308371	39
1542352308386	25
1542352308408	21
1542352308411	29
1542352308410	31
1542352308429	34
1542352308440	29
1542352308441	30
1542352308471	27
1542352308463	37
1542352308469	31
1542352308498	29
1542352308501	27
1542352308501	30
1542352308531	25
1542352308528	28
1542352308527	33
1542352308556	22
1542352308560	27
1542352308578	35
1542352308556	60
1542352308587	29
1542352308616	31
1542352308613	38
1542352308616	36
1542352308647	34
1542352308652	33
1542352308651	36
1542352308685	37
1542352308687	35
1542352308681	41
1542352308722	24
1542352308722	24
1542352308722	29
1542352308751	27
1542352308747	58
1542352308780	27
1542352308747	60
1542352308807	27
1542352308807	30
1542352308805	50
1542352308834	33
1542352308837	31
1542352308855	28
1542352308868	27
1542352308867	32
1542352308884	27
1542352308895	25
1542352308900	29
1542352308911	42
1542352308929	25
1542352308920	38
1542352308954	22
1542352308953	26
1542352308958	27
1542352308979	30
1542352308985	29
1542352308976	55
1542352309014	29
1542352309009	51
1542352309031	31
1542352309043	27
1542352309062	32
1542352309060	34
1542352309070	28
1542352309094	21
1542352309098	27
1542352309094	32
1542352309115	31
1542352309125	30
1542352309126	31
1542352309146	33
1542352309155	25
1542352309157	34
1542352309179	27
1542352309180	29
1542352309191	27
1542352309206	27
1542352309209	28
1542352309218	30
1542352309233	33
1542352309237	30
1542352309248	28
1542352309267	21
1542352309267	30
1542352309288	30
1542352309276	43
1542352309297	59
1542352309320	40
1542352309318	45
1542352309356	27
1542352309365	29
1542352309361	35
1542352309383	31
1542352309396	36
1542352309394	39
1542352309414	29
1542352309432	22
1542352309433	21
1542352309443	27
1542352309454	25
1542352309454	27
1542352309470	28
1542352309481	28
1542352309479	31
1542352309510	73
1542352309498	88
1542352309509	80
1542352309589	27
1542352309586	34
1542352309583	54
1542352309616	25
1542352309620	25
1542352309637	29
1542352309645	25
1542352309641	33
1542352309670	28
1542352309666	33
1542352309674	31
1542352309698	49
1542352309705	53
1542352309699	60
1542352309747	27
1542352309758	40
1542352309774	28
1542352309759	45
1542352309798	28
1542352309804	26
1542352309802	40
1542352309830	26
1542352309826	35
1542352309842	31
1542352309873	34
1542352309861	50
1542352309856	88
1542352309911	35
1542352309907	40
1542352309944	28
1542352309946	29
1542352309947	32
1542352309972	28
1542352309975	27
1542352309979	26
1542352310000	23
1542352310005	24
1542352310002	32
1542352310023	24
1542352310029	24
1542352310034	30
1542352310047	26
1542352310053	23
1542352310064	30
1542352310073	26
1542352310076	30
1542352310094	30
1542352310099	29
1542352310124	47
1542352310106	69
1542352310128	58
1542352310171	30
1542352310175	27
1542352310186	23
1542352310202	24
1542352310201	28
1542352310209	25
1542352310229	35
1542352310234	32
1542352310226	40
1542352310264	38
1542352310302	27
1542352310266	67
1542352310266	69
1542352310329	31
1542352310333	29
1542352310335	32
1542352310360	26
1542352310362	26
1542352310367	26
1542352310388	27
1542352310386	31
1542352310393	24
1542352310416	52
1542352310417	74
1542352310417	79
1542352310469	29
1542352310492	27
1542352310498	29
1542352310496	34
1542352310519	40
1542352310527	32
1542352310531	28
1542352310559	28
1542352310559	33
1542352310559	35
1542352310587	22
1542352310592	26
1542352310594	33
1542352310609	26
1542352310618	22
1542352310627	26
1542352310640	22
1542352310653	34
1542352310635	57
1542352310662	34
1542352310687	22
1542352310693	27
1542352310696	29
1542352310709	25
1542352310720	34
1542352310725	39
1542352310734	31
1542352310754	23
1542352310764	26
1542352310765	28
1542352310777	24
1542352310793	25
1542352310790	29
1542352310818	23
1542352310819	26
1542352310801	51
1542352310852	23
1542352310845	32
1542352310841	64
1542352310876	29
1542352310905	24
1542352310878	56
1542352310905	29
1542352310929	29
1542352310934	26
1542352310935	34
1542352310959	25
1542352310960	30
1542352310969	29
1542352310984	24
1542352310998	24
1542352311008	63
1542352311022	49
1542352310990	82
1542352311071	37
1542352311071	39
1542352311072	39
1542352311108	28
1542352311110	27
1542352311111	29
1542352311136	27
1542352311140	33
1542352311137	36
1542352311163	27
1542352311173	30
1542352311173	30
1542352311190	22
1542352311203	29
1542352311212	22
1542352311203	58
1542352311233	29
1542352311234	32
1542352311261	28
1542352311266	28
1542352311262	33
1542352311289	32
1542352311295	26
1542352311294	31
1542352311325	45
1542352311321	58
1542352311321	58
1542352311379	34
1542352311379	38
1542352311370	81
1542352311417	37
1542352311414	42
1542352311451	29
1542352311454	29
1542352311456	29
1542352311483	24
1542352311480	28
1542352311485	25
1542352311507	30
1542352311508	35
1542352311511	56
1542352311538	32
1542352311543	28
1542352311567	29
1542352311571	26
1542352311570	30
1542352311596	36
1542352311597	36
1542352311600	34
1542352311634	42
1542352311633	52
1542352311632	53
1542352311676	30
1542352311685	30
1542352311685	32
1542352311706	26
1542352311715	29
1542352311717	27
1542352311732	25
1542352311744	28
1542352311757	32
1542352311744	49
1542352311772	31
1542352311789	30
1542352311793	32
1542352311804	33
1542352311819	21
1542352311825	26
1542352311837	32
1542352311840	30
1542352311851	39
1542352311869	30
1542352311870	32
1542352311891	22
1542352311900	28
1542352311902	30
1542352311913	59
1542352311932	62
1542352311928	70
1542352311972	33
1542352311994	21
1542352311998	27
1542352312005	25
1542352312015	33
1542352312025	27
1542352312052	24
1542352312048	31
1542352312030	55
1542352312076	28
1542352312079	29
1542352312104	25
1542352312108	25
1542352312085	54
1542352312133	25
1542352312129	33
1542352312139	24
1542352312163	34
1542352312162	35
1542352312158	39
1542352312197	30
1542352312197	33
1542352312197	35
1542352312227	52
1542352312230	54
1542352312232	56
1542352312279	29
1542352312284	25
1542352312288	27
1542352312308	25
1542352312309	28
1542352312315	26
1542352312337	28
1542352312333	33
1542352312341	38
1542352312367	26
1542352312365	37
1542352312385	41
1542352312393	38
1542352312402	36
1542352312426	30
1542352312431	30
1542352312438	34
1542352312456	25
1542352312461	31
1542352312472	33
1542352312481	25
1542352312492	32
1542352312506	44
1542352312505	45
1542352312524	53
1542352312550	39
1542352312550	42
1542352312577	30
1542352312590	31
1542352312592	30
1542352312607	31
1542352312621	31
1542352312622	30
1542352312638	26
1542352312652	23
1542352312652	25
1542352312664	45
1542352312675	34
1542352312677	33
1542352312709	29
1542352312710	31
1542352312710	33
1542352312738	29
1542352312741	30
1542352312743	30
1542352312767	32
1542352312773	27
1542352312771	30
1542352312800	26
1542352312801	25
1542352312799	31
1542352312826	53
1542352312826	55
1542352312830	51
1542352312879	26
1542352312882	32
1542352312881	33
1542352312905	24
1542352312914	23
1542352312914	27
1542352312941	27
1542352312937	35
1542352312929	60
1542352312968	24
1542352312972	25
1542352312989	31
1542352312992	32
1542352312998	54
1542352313021	33
1542352313024	30
1542352313052	31
1542352313054	54
1542352313083	36
1542352313054	65
1542352313108	27
1542352313119	46
1542352313119	50
1542352313165	25
1542352313135	57
1542352313169	33
1542352313190	31
1542352313192	30
1542352313202	25
1542352313222	32
1542352313227	28
1542352313221	37
1542352313255	28
1542352313254	32
1542352313258	30
1542352313283	27
1542352313286	38
1542352313288	55
1542352313310	37
1542352313324	24
1542352313343	26
1542352313348	25
1542352313347	30
1542352313369	26
1542352313373	28
1542352313377	26
1542352313403	23
1542352313426	45
1542352313471	32
1542352313503	33
1542352313536	26
1542352313563	26
1542352313589	33
