2076
2076
2076
33
50
52
23
40
46
35
35
23
42
32
37
38
23
36
62
32
77
34
27
29
37
20
37
39
71
51
47
44
16
57
74
150
22
103
27
34
176
20
29
16
26
39
72
24
32
35
22
16
15
17
22
36
21
23
33
24
25
29
32
35
15
20
32
19
23
24
19
17
31
33
36
22
28
28
30
17
22
25
20
25
25
20
21
19
34
17
22
33
31
31
20
28
20
76
19
21
34
33
23
31
14
18
77
65
31
35
26
32
27
25
19
18
21
41
18
37
31
29
65
34
39
15
40
23
16
23
91
112
91
22
24
39
21
21
31
36
30
117
71
84
16
56
36
36
22
37
33
94
19
38
34
49
37
19
34
23
15
37
19
20
34
60
37
67
62
100
50
24
36
110
16
20
16
32
37
21
20
21
36
21
23
21
33
66
21
63
36
64
25
31
19
31
27
22
20
31
48
74
65
25
31
31
31
21
78
57
74
31
60
36
33
28
26
16
67
19
31
30
39
24
26
33
33
33
25
62
46
27
26
30
18
29
20
30
17
68
30
30
27
27
31
15
35
29
75
34
32
23
28
40
32
63
63
65
45
76
33
83
38
33
73
72
31
52
18
84
35
32
18
18
39
54
30
30
49
43
26
32
15
26
29
36
31
31
37
16
26
20
67
56
43
33
23
24
28
20
69
34
63
37
83
104
137
46
56
29
26
30
19
32
25
16
30
31
53
32
36
97
28
15
33
36
24
29
21
36
20
35
90
44
18
64
14
83
29
28
15
14
35
68
33
69
30
39
15
44
35
32
101
35
18
23
28
55
31
19
52
57
34
18
62
111
20
44
31
70
28
34
18
24
32
19
18
33
20
16
32
33
38
14
20
27
19
15
30
22
33
35
35
39
36
38
67
16
79
35
25
20
64
34
31
30
27
30
31
73
19
57
30
28
30
15
30
32
68
30
68
28
45
47
27
29
40
31
51
43
17
15
64
15
31
20
19
25
32
28
21
30
25
65
30
108
48
78
30
21
39
35
72
61
29
25
61
28
68
19
35
71
31
75
38
28
30
38
68
38
32
74
17
41
76
36
43
31
41
22
40
25
61
26
27
26
27
30
37
30
75
20
19
31
16
42
14
39
31
28
18
134
56
68
33
27
15
18
78
29
31
40
15
18
19
19
26
18
15
26
30
30
28
18
28
61
73
75
78
38
41
75
53
68
35
26
50
25
36
39
29
28
18
26
29
24
29
33
27
33
15
15
17
15
18
18
18
17
19
25
29
19
25
14
31
28
40
16
19
60
62
28
87
18
26
15
28
26
52
32
59
39
54
18
22
22
28
32
40
25
15
40
13
26
20
80
36
102
68
19
32
26
54
16
30
28
52
17
13
97
26
67
17
31
24
28
32
30
29
21
15
31
34
14
58
14
70
19
34
28
30
18
34
28
33
28
15
73
93
20
25
26
27
28
21
31
21
28
18
25
13
18
17
25
31
25
31
108
32
24
25
54
75
25
33
33
18
65
74
25
24
15
38
74
95
21
28
41
27
26
25
91
97
25
55
101
27
71
28
27
28
26
32
28
30
17
20
60
58
68
34
25
61
66
29
104
70
30
56
26
108
53
57
26
28
16
58
30
52
28
25
24
102
28
28
14
66
63
27
32
58
15
93
73
28
29
26
124
105
76
101
33
33
23
28
71
29
27
28
28
16
25
29
25
25
17
26
27
26
28
30
19
29
37
71
57
25
38
26
27
29
28
17
29
24
61
118
29
27
25
33
109
64
21
40
42
29
30
19
115
57
67
115
37
60
30
17
34
30
18
32
34
34
22
17
18
15
25
15
14
37
39
17
18
122
31
15
31
66
40
45
23
176
47
58
38
86
25
30
31
25
29
31
28
29
29
20
16
18
54
67
68
17
14
15
26
19
15
33
18
18
30
19
32
19
15
21
30
15
70
81
104
18
28
185
28
14
61
62
26
31
28
66
19
124
62
68
28
35
28
63
17
27
33
28
76
91
20
44
203
63
78
26
157
26
19
82
75
18
27
32
25
35
83
13
72
62
25
86
34
33
34
14
16
25
126
68
63
39
62
28
29
29
30
20
14
60
14
28
28
65
25
28
25
33
70
27
59
14
14
29
17
20
29
127
48
51
14
71
28
46
20
29
149
28
25
151
67
25
28
29
66
30
20
28
62
26
28
34
31
33
24
58
20
28
28
21
32
36
15
22
24
66
37
32
19
19
30
20
141
16
33
15
17
68
28
32
61
130
29
26
15
69
28
127
28
68
30
58
16
26
33
25
20
29
17
17
27
74
17
26
15
164
28
68
35
37
85
39
26
61
59
139
66
29
25
14
29
26
30
29
35
61
62
28
31
31
19
15
35
19
20
21
37
18
19
29
66
28
31
28
138
140
17
30
27
25
15
71
25
27
24
27
27
25
18
14
24
30
29
143
30
29
25
177
16
37
19
24
82
145
32
18
34
16
23
31
28
27
18
137
29
28
14
24
71
23
27
73
18
27
40
56
29
27
32
47
45
18
37
15
71
28
143
32
29
32
29
22
22
26
65
34
59
66
28
66
19
65
31
34
62
29
32
74
32
61
17
38
29
26
25
17
26
18
30
20
16
31
36
32
138
29
67
61
75
29
29
42
37
17
90
30
74
47
64
45
65
30
25
40
21
28
28
35
28
26
30
18
58
31
18
28
57
25
67
48
36
48
42
174
26
32
40
30
15
17
20
29
17
15
35
44
148
50
50
19
23
37
58
27
24
166
96
87
40
83
30
28
59
123
185
31
28
19
14
27
26
25
29
32
289
15
27
29
100
157
29
71
59
34
25
62
19
34
28
29
29
17
27
17
14
25
68
29
27
61
28
193
26
13
25
63
29
27
18
30
17
60
29
35
59
30
23
30
32
30
40
29
24
191
68
32
54
66
29
22
72
22
26
76
36
66
72
38
40
28
33
27
17
74
24
77
58
58
23
39
18
27
18
27
27
28
30
71
48
87
116
56
86
43
71
22
14
28
26
24
30
31
59
166
28
28
29
57
25
25
27
199
69
27
27
28
19
29
28
13
28
25
25
24
16
27
16
30
17
29
23
27
26
23
27
24
198
32
62
26
102
28
27
164
28
26
18
30
14
70
66
24
29
41
27
25
27
28
61
61
28
29
14
35
24
18
31
26
29
27
29
64
26
25
61
14
56
35
31
33
37
34
25
63
28
35
31
36
26
31
169
169
196
59
28
34
170
28
74
28
25
26
18
41
28
38
60
32
17
28
30
25
29
28
18
25
24
31
30
35
15
26
15
18
18
17
165
62
31
28
163
32
33
33
33
28
14
14
31
174
28
21
33
25
217
26
21
33
38
26
29
25
28
31
28
25
73
28
182
35
29
95
28
70
184
27
26
58
14
29
69
19
62
28
15
34
18
17
21
19
26
61
80
189
32
31
35
36
183
28
26
29
222
30
32
14
15
17
29
18
30
31
188
189
29
28
33
35
26
19
19
34
16
29
67
28
30
27
28
25
28
61
38
198
81
35
34
65
23
190
248
58
24
27
29
60
30
30
28
26
28
25
27
203
25
28
18
17
60
35
24
24
55
29
26
175
18
39
47
28
73
97
30
31
26
17
60
29
28
27
13
27
193
30
88
28
172
35
58
178
29
17
26
94
123
225
101
36
95
106
97
108
182
29
27
28
28
23
28
14
26
25
30
50
201
22
59
27
24
61
93
25
23
30
68
19
71
37
30
64
28
25
56
43
31
187
28
24
38
26
32
188
52
44
14
32
18
30
30
107
28
29
73
28
194
81
210
43
99
48
26
100
74
69
67
38
32
26
38
43
29
33
28
75
15
80
25
24
23
18
28
25
30
33
21
21
71
19
27
60
26
58
25
29
31
35
31
31
29
25
242
32
60
29
25
28
33
70
126
30
34
83
59
126
62
32
35
32
31
19
36
33
14
18
26
25
27
30
28
25
30
27
29
57
31
64
25
15
32
71
29
22
31
62
197
41
205
32
196
25
103
20
18
39
73
14
200
65
31
19
38
35
37
30
28
19
193
30
28
21
33
27
28
32
41
19
33
39
72
56
72
34
25
30
37
40
49
68
18
33
62
53
28
81
29
14
36
16
56
34
29
18
62
28
61
58
35
24
33
28
25
196
56
29
27
14
71
28
27
27
206
30
26
30
29
25
28
20
18
33
30
35
205
17
207
18
26
30
27
28
23
17
61
27
27
28
18
27
14
69
89
80
25
23
69
32
29
237
26
24
28
200
29
33
124
21
25
25
70
27
27
26
24
29
28
235
29
24
25
200
28
196
26
193
28
187
61
34
61
27
24
188
194
32
28
19
28
61
96
25
25
36
27
19
32
20
18
27
24
29
26
28
27
27
31
28
31
207
30
75
33
63
26
114
31
36
15
19
35
18
30
26
33
79
28
32
40
18
65
31
27
17
212
28
17
67
15
26
69
61
29
204
28
29
26
30
26
28
26
69
28
27
240
29
60
49
45
15
29
35
18
33
17
224
21
36
41
69
13
28
26
29
26
28
28
17
27
30
60
33
75
34
27
25
76
28
26
37
31
63
32
31
35
43
43
28
15
29
15
14
28
14
28
28
31
28
28
40
54
24
28
29
199
27
193
27
24
24
24
24
60
29
28
34
15
27
31
19
18
14
209
29
213
27
28
31
17
25
17
16
104
24
70
30
30
13
28
65
63
29
37
38
19
16
68
40
205
35
43
38
30
104
35
33
38
18
208
14
35
59
216
25
24
69
28
19
62
39
38
26
28
62
29
28
27
16
17
258
17
27
31
33
33
21
18
27
28
74
14
14
29
73
28
30
222
54
27
24
219
25
58
29
33
29
35
69
16
35
26
66
223
28
27
17
27
14
24
58
29
24
25
58
29
221
28
27
28
28
55
17
25
25
57
28
25
28
27
18
30
73
46
86
32
24
28
23
28
55
29
28
227
65
34
68
57
28
26
18
30
27
27
28
71
61
72
29
25
28
23
19
19
226
17
20
16
30
26
24
112
64
215
31
220
28
60
259
29
38
31
25
15
24
26
26
33
25
30
29
16
57
30
26
28
25
29
27
29
58
18
26
28
18
225
33
25
131
28
29
24
59
27
30
21
27
36
288
31
32
25
115
29
36
36
31
13
258
61
42
20
25
223
28
17
67
238
27
27
28
29
29
19
18
14
25
33
14
28
26
61
35
62
34
26
235
25
14
25
29
17
18
119
24
25
13
25
17
30
29
60
28
261
31
18
58
27
30
26
29
30
19
74
253
33
20
33
24
14
26
30
59
119
35
30
31
33
22
24
17
24
24
27
63
85
36
39
25
25
64
278
28
36
66
28
28
27
28
27
33
19
30
17
24
25
17
21
36
13
29
35
27
69
27
28
23
28
26
60
28
57
72
67
40
28
26
28
216
27
73
36
83
110
64
47
15
28
27
24
30
25
29
210
72
72
26
72
36
18
29
17
30
18
16
23
28
27
254
59
30
33
63
61
34
33
27
17
58
206
28
61
214
217
28
29
217
26
19
65
22
26
12
30
24
28
24
28
28
224
28
19
24
17
24
28
29
112
33
24
74
59
42
225
32
44
26
26
31
27
36
29
29
27
16
23
24
25
27
27
277
69
69
57
25
14
18
276
56
27
46
85
67
46
39
29
27
24
23
34
26
29
27
17
18
28
18
18
17
17
18
25
26
14
33
29
30
24
25
222
218
28
27
55
29
30
74
28
31
27
223
29
29
30
24
17
18
18
25
14
27
24
27
27
24
25
225
27
228
30
33
31
30
27
25
25
13
236
27
18
32
30
28
61
72
33
27
25
56
55
29
67
28
30
231
18
29
19
26
26
17
27
25
27
29
30
18
28
55
59
25
15
69
31
33
35
274
32
31
33
16
34
64
28
30
36
28
37
84
29
19
35
28
25
26
27
14
30
25
27
28
27
28
26
33
30
26
17
16
19
16
20
19
23
251
36
39
22
26
61
35
34
33
24
28
28
17
24
16
24
26
24
25
28
27
74
32
37
29
34
14
25
57
69
30
31
269
38
67
31
25
28
25
31
18
27
17
31
28
27
31
27
28
24
55
61
228
28
61
69
231
59
243
34
28
27
124
33
21
128
36
40
46
28
122
13
17
26
31
71
25
29
25
27
28
29
70
24
229
72
120
240
122
243
62
29
29
14
25
23
27
56
240
28
27
15
25
29
26
26
15
18
13
13
64
33
19
35
18
25
35
13
24
19
15
17
28
229
25
29
70
24
25
28
28
24
26
30
24
61
29
31
32
56
25
210
63
63
208
29
31
106
17
25
25
69
29
59
29
35
24
25
27
208
28
23
74
212
57
25
20
206
57
212
77
31
24
102
246
27
28
30
27
17
34
28
30
15
24
33
212
71
31
38
25
26
239
14
24
29
41
30
18
31
14
31
23
29
61
28
23
23
18
25
28
55
24
59
26
29
47
77
29
27
26
30
25
29
58
32
34
217
27
37
34
18
24
26
113
30
31
30
29
25
24
217
28
33
32
28
28
28
216
60
23
29
32
30
58
27
27
22
35
25
16
24
53
59
31
60
28
27
239
28
57
60
28
25
29
21
29
28
26
30
31
19
32
61
27
24
26
23
26
33
28
18
28
67
29
29
16
18
68
19
28
61
57
31
33
28
64
18
30
212
31
60
24
31
15
25
66
24
27
29
58
27
28
68
59
28
28
27
219
30
56
25
26
18
222
229
42
66
112
116
36
28
37
33
14
17
15
41
28
31
32
24
26
24
14
18
61
21
36
18
27
24
57
29
27
18
17
221
31
27
14
24
18
19
29
223
28
31
268
31
31
80
29
30
64
26
213
31
36
30
21
210
32
32
24
32
27
26
32
17
16
16
13
56
17
23
13
17
24
17
60
22
33
35
26
16
28
26
27
13
25
18
31
63
24
36
27
26
212
24
20
32
15
29
25
33
22
104
20
28
26
23
16
14
39
66
110
20
34
41
51
26
25
33
19
120
31
30
16
35
25
14
120
19
28
18
26
27
114
16
228
27
28
30
17
26
116
57
27
31
29
23
117
25
18
23
62
27
222
60
61
50
40
20
27
31
18
14
24
17
224
16
17
13
25
18
227
17
117
28
14
26
14
70
24
28
14
28
30
28
28
59
13
13
24
70
27
29
21
30
19
13
18
14
18
24
18
24
17
15
29
27
59
24
27
13
34
17
27
32
25
28
14
19
32
19
13
18
29
26
17
19
15
30
24
33
17
20
29
17
17
12
24
24
27
33
18
18
27
27
19
13
23
224
26
15
30
19
20
16
19
30
16
14
29
13
54
24
30
73
65
70
29
61
38
33
31
35
61
30
57
57
30
27
30
33
28
29
30
13
70
13
60
39
29
23
26
17
74
39
69
27
36
26
35
27
19
230
24
64
34
24
16
33
43
273
31
231
57
28
30
141
119
58
69
78
18
48
16
18
41
29
33
41
19
51
65
60
18
42
66
67
44
16
20
29
15
24
33
34
26
27
17
28
17
22
30
18
18
14
19
73
16
18
29
59
15
74
26
17
35
27
30
17
62
66
59
33
27
24
61
13
32
28
18
14
24
59
16
27
30
18
32
14
14
15
30
16
18
281
30
19
16
60
16
28
18
138
66
33
26
66
140
33
235
40
35
19
36
17
16
13
28
23
14
28
62
69
29
26
32
30
25
28
25
15
18
32
16
18
14
28
27
24
28
57
14
14
37
37
34
33
62
59
26
25
25
20
231
18
18
73
28
75
33
30
30
31
28
69
26
18
34
17
229
59
60
63
230
35
230
28
29
28
57
25
27
58
28
29
62
27
27
15
61
224
27
28
19
13
23
27
29
31
229
228
25
27
23
23
24
30
27
72
28
27
24
28
26
71
24
27
28
25
28
30
29
25
261
29
68
222
30
27
27
61
28
29
59
55
66
29
25
19
67
18
28
33
26
28
28
26
18
27
71
73
30
26
16
17
32
25
30
61
74
34
33
39
30
31
77
39
122
63
162
271
38
42
37
28
79
125
15
26
36
37
28
72
117
29
29
26
30
28
23
54
56
28
17
64
63
29
18
29
227
28
66
28
35
30
238
78
271
30
23
36
27
38
28
29
27
17
23
23
231
57
229
30
29
30
232
29
17
25
33
122
43
233
57
24
64
65
30
32
28
25
14
69
28
69
27
30
21
60
16
16
18
23
25
28
28
29
24
28
24
26
24
31
70
285
68
28
38
36
25
25
14
26
239
25
32
19
18
26
119
25
74
232
27
29
27
24
229
23
69
26
61
238
31
27
28
28
24
65
24
24
28
29
247
73
121
24
242
27
29
23
24
28
228
60
27
229
59
66
27
28
28
19
20
69
279
25
28
57
17
59
28
28
29
26
14
28
23
28
30
15
17
16
28
24
57
234
62
27
26
25
24
231
26
28
59
18
29
24
48
65
24
28
30
17
31
30
17
33
31
33
28
49
21
49
22
28
38
30
29
26
24
28
25
24
26
29
29
26
24
24
28
30
226
43
235
42
24
23
23
27
67
257
27
23
24
60
28
33
29
29
42
27
252
25
25
72
267
18
31
28
30
30
25
21
144
41
89
34
22
85
221
28
25
66
33
18
32
17
30
15
32
30
17
23
23
25
26
28
75
65
40
33
28
25
58
34
53
28
17
221
67
27
26
35
24
24
26
31
26
19
29
27
17
32
34
23
63
28
26
19
20
19
29
18
28
14
245
24
67
29
28
15
35
24
59
30
71
30
41
27
26
33
17
33
29
17
68
31
24
257
25
76
25
27
29
57
59
33
34
18
14
14
30
31
37
64
18
14
29
17
268
38
61
30
13
63
31
55
30
26
18
29
24
70
67
25
260
29
27
17
28
28
29
17
28
66
29
237
243
43
35
62
32
26
28
71
28
39
31
28
27
227
24
67
72
27
19
18
39
66
27
26
17
61
26
25
71
59
27
65
24
29
23
28
33
30
17
12
70
214
24
27
33
25
28
28
61
111
24
26
33
25
24
28
14
28
30
28
29
18
25
28
16
56
56
28
31
60
29
69
24
27
13
218
29
29
25
26
29
19
25
28
30
25
27
61
65
32
29
37
74
30
26
39
27
38
62
32
68
35
18
37
28
29
28
31
25
34
14
62
29
27
17
30
233
17
27
24
72
16
26
29
28
69
45
38
29
31
55
15
35
29
72
46
20
51
38
28
27
29
27
248
61
56
14
47
25
116
65
28
34
26
36
28
31
26
17
17
43
28
28
34
262
60
29
29
24
17
24
25
23
30
28
27
225
25
28
29
230
29
27
16
228
25
13
28
26
29
26
61
56
28
26
23
29
69
21
31
37
18
28
25
34
24
17
64
37
16
44
80
27
28
65
31
27
234
236
32
32
13
31
33
25
19
23
229
19
27
34
76
57
19
27
25
25
26
25
29
56
28
27
27
35
63
32
86
254
20
57
38
62
35
38
149
72
84
34
32
23
32
24
124
29
23
27
29
32
16
69
25
70
56
25
17
33
26
28
66
24
27
26
24
61
23
27
27
34
77
73
27
72
24
27
25
45
52
24
15
64
20
23
36
32
32
20
32
15
30
13
32
30
27
20
28
22
26
29
19
25
18
16
27
29
13
19
15
32
18
25
19
16
16
19
27
23
56
23
28
231
27
27
28
28
70
27
24
58
27
23
27
26
30
24
63
29
228
28
17
61
25
23
18
30
218
24
30
62
30
28
27
210
28
24
24
17
25
219
27
25
27
222
29
27
28
17
24
25
13
25
28
29
27
17
27
25
29
27
23
16
28
28
18
29
29
28
27
24
28
70
31
19
32
30
27
71
70
66
23
28
17
16
13
56
29
229
35
70
20
30
28
30
29
24
24
69
71
28
28
28
25
61
25
30
30
28
28
27
13
24
224
61
27
62
30
14
228
227
31
119
28
29
27
121
70
29
32
30
34
42
26
16
68
14
45
68
68
74
38
54
29
61
69
32
28
28
218
63
30
23
25
62
43
32
73
27
39
18
32
27
26
30
18
28
16
29
27
27
29
25
27
28
30
71
37
58
29
30
212
25
24
34
29
77
31
30
18
60
33
25
15
19
18
17
25
26
80
29
70
25
24
19
23
28
34
100
53
61
34
69
30
18
28
28
25
16
18
