1540924780894	1494
1540924780894	1495
1540924782400	28
1540924782400	33
1540924782429	58
1540924782433	56
1540924782489	17
1540924782487	26
1540924782506	20
1540924782513	23
1540924782526	20
1540924782536	21
1540924782546	20
1540924782557	20
1540924782566	16
1540924782577	15
1540924782582	17
1540924782592	16
1540924782599	27
1540924782608	21
1540924782627	19
1540924782629	28
1540924782646	19
1540924782666	15
1540924782657	29
1540924782681	14
1540924782687	15
1540924782695	19
1540924782702	15
1540924782717	20
1540924782717	21
1540924782738	20
1540924782738	30
1540924782766	19
1540924782768	22
1540924782785	16
1540924782790	14
1540924782804	15
1540924782801	19
1540924782819	18
1540924782821	19
1540924782837	18
1540924782841	26
1540924782855	19
1540924782868	14
1540924782874	13
1540924782882	15
1540924782888	13
1540924782897	19
1540924782901	18
1540924782916	18
1540924782919	18
1540924782934	19
1540924782937	17
1540924782953	14
1540924782954	14
1540924782967	13
1540924782968	13
1540924782980	18
1540924782982	17
1540924782998	18
1540924783000	18
1540924783016	17
1540924783018	17
1540924783033	14
1540924783071	13
1540924783071	15
1540924783085	14
1540924783086	18
1540924783099	18
1540924783104	31
1540924783117	18
1540924783136	17
1540924783136	29
1540924783154	14
1540924783165	14
1540924783168	13
1540924783179	14
1540924783182	17
1540924783193	18
1540924783199	16
1540924783215	19
1540924783211	29
1540924783234	14
1540924783240	18
1540924783251	16
1540924783258	15
1540924783267	17
1540924783273	14
1540924783285	17
1540924783289	19
1540924783302	18
1540924783308	18
1540924783320	14
1540924783326	20
1540924783334	13
1540924783346	16
1540924783349	33
1540924783363	29
1540924783383	19
1540924783402	23
1540924783392	37
1540924783426	24
1540924783429	28
1540924783451	24
1540924783458	25
1540924783476	17
1540924783483	25
1540924783508	14
1540924783493	30
1540924783522	19
1540924783523	18
1540924783541	14
1540924783541	19
1540924783555	14
1540924783560	21
1540924783569	18
1540924783581	16
1540924783589	19
1540924783598	15
1540924783608	18
1540924783613	20
1540924783626	14
1540924783633	19
1540924783640	15
1540924783653	19
1540924783655	19
1540924783672	16
1540924783674	18
1540924783688	16
1540924783692	18
1540924783710	15
1540924783704	28
1540924783725	15
1540924783733	19
1540924783740	20
1540924783752	25
1540924783760	19
1540924783778	14
1540924783779	18
1540924783792	14
1540924783797	15
1540924783806	19
1540924783812	15
1540924783825	18
1540924783827	19
1540924783843	18
1540924783846	17
1540924783861	14
1540924783864	18
1540924783875	14
1540924783882	14
1540924783889	18
1540924783897	14
1540924783907	18
1540924783911	17
1540924783925	19
1540924783928	18
1540924783944	13
1540924783946	28
1540924783958	16
1540924783974	14
1540924783974	19
1540924783994	18
1540924783988	24
1540924784012	17
1540924784012	18
1540924784029	14
1540924784031	18
1540924784044	13
1540924784049	17
1540924784057	17
1540924784067	14
1540924784074	17
1540924784081	14
1540924784091	17
1540924784095	18
1540924784109	13
1540924784122	14
1540924784113	27
1540924784136	17
1540924784140	17
1540924784153	17
1540924784157	15
1540924784170	19
1540924784175	15
1540924784189	25
1540924784190	28
1540924784214	14
1540924784218	18
1540924784228	18
1540924784237	19
1540924784246	19
1540924784256	16
1540924784266	19
1540924784272	14
1540924784285	15
1540924784286	19
1540924784300	14
1540924784305	18
1540924784314	19
1540924784323	19
1540924784333	22
1540924784342	15
1540924784357	15
1540924784356	19
1540924784375	15
1540924784373	19
1540924784390	14
1540924784392	18
1540924784411	20
1540924784404	56
1540924784431	42
1540924784473	17
1540924784460	30
1540924784505	22
1540924784506	21
1540924784529	16
1540924784528	20
1540924784546	17
1540924784563	19
1540924784549	34
1540924784584	17
1540924784582	21
1540924784602	18
1540924784603	20
1540924784620	20
1540924784624	16
1540924784640	16
1540924784640	33
1540924784657	30
1540924784673	21
1540924784694	15
1540924784691	20
1540924784711	28
1540924784711	31
1540924784739	19
1540924784742	16
1540924784758	23
1540924784769	16
1540924784783	21
1540924784787	21
1540924784811	18
1540924784813	19
1540924784829	19
1540924784833	17
1540924784848	18
1540924784851	25
1540924784866	18
1540924784876	15
1540924784884	17
1540924784891	19
1540924784901	14
1540924784915	16
1540924784915	18
1540924784931	18
1540924784933	18
1540924784950	18
1540924784951	21
1540924784972	14
1540924784968	21
1540924784989	14
1540924784986	21
1540924785004	14
1540924785008	16
1540924785018	18
1540924785024	16
1540924785040	13
1540924785036	29
1540924785053	25
1540924785065	25
1540924785078	20
1540924785090	15
1540924785098	19
1540924785105	13
1540924785117	18
1540924785119	21
1540924785136	12
1540924785140	19
1540924785148	23
1540924785159	19
1540924785172	17
1540924785178	15
1540924785189	17
1540924785194	15
1540924785207	17
1540924785214	20
1540924785224	14
1540924785238	14
1540924785234	20
1540924785257	23
1540924785253	27
1540924785288	14
1540924785288	19
1540924785302	14
1540924785308	18
1540924785316	18
1540924785326	15
1540924785334	18
1540924785341	15
1540924785352	17
1540924785356	19
1540924785375	16
1540924785376	18
1540924785391	15
1540924785394	18
1540924785406	19
1540924785412	22
1540924785425	19
1540924785434	13
1540924785444	19
1540924785447	18
1540924785463	28
1540924785465	28
1540924785491	16
1540924785494	20
1540924785508	20
1540924785514	16
1540924785528	25
1540924785530	23
1540924785554	22
1540924785553	23
1540924785576	15
1540924785576	21
1540924785591	16
1540924785598	21
1540924785608	19
1540924785620	17
1540924785628	21
1540924785646	19
1540924785650	18
1540924785666	20
1540924785669	17
1540924785688	16
1540924785687	19
1540924785707	20
1540924785707	25
1540924785728	16
1540924785732	20
1540924785745	17
1540924785752	20
1540924785762	24
1540924785772	16
1540924785788	16
1540924785786	18
1540924785804	18
1540924785804	21
1540924785822	17
1540924785825	15
1540924785840	15
1540924785839	19
1540924785858	14
1540924785857	18
1540924785872	14
1540924785876	18
1540924785886	17
1540924785894	19
1540924785903	18
1540924785913	15
1540924785921	17
1540924785929	14
1540924785938	15
1540924785944	18
1540924785953	25
1540924785962	19
1540924785978	17
1540924785981	19
1540924786001	15
1540924785995	28
1540924786016	14
1540924786031	22
1540924786024	30
1540924786054	16
1540924786053	21
1540924786071	14
1540924786074	19
1540924786085	18
1540924786093	15
1540924786109	22
1540924786103	28
1540924786131	22
1540924786131	23
1540924786153	15
1540924786154	20
1540924786169	15
1540924786174	24
1540924786184	19
1540924786198	16
1540924786203	19
1540924786214	18
1540924786222	18
1540924786233	17
1540924786240	15
1540924786250	18
1540924786255	15
1540924786268	19
1540924786270	18
1540924786287	14
1540924786288	19
1540924786301	17
1540924786307	19
1540924786319	17
1540924786326	16
1540924786337	18
1540924786342	17
1540924786355	23
1540924786359	24
1540924786378	15
1540924786383	18
1540924786393	17
1540924786401	19
1540924786410	21
1540924786421	14
1540924786431	17
1540924786435	15
1540924786450	32
1540924786449	33
1540924786482	15
1540924786482	20
1540924786497	17
1540924786502	16
1540924786519	12
1540924786514	17
1540924786531	13
1540924786531	17
1540924786544	24
1540924786548	21
1540924786568	17
1540924786569	20
1540924786589	12
1540924786585	16
1540924786602	13
1540924786615	12
1540924786601	29
1540924786630	18
1540924786627	24
1540924786648	18
1540924786651	17
1540924786666	14
1540924786668	16
1540924786680	14
1540924786684	12
1540924786696	11
1540924786694	17
1540924786707	17
1540924786711	22
1540924786724	18
1540924786733	18
1540924786742	16
1540924786751	15
1540924786759	15
1540924786766	15
1540924786775	13
1540924786788	17
1540924786781	31
1540924786805	16
1540924786813	18
1540924786822	46
1540924786831	45
1540924786868	12
1540924786876	40
1540924786880	37
1540924786918	22
1540924786918	31
1540924786940	18
1540924786949	16
1540924786958	16
1540924786965	18
1540924786974	16
1540924786983	28
1540924786992	32
1540924787013	19
1540924787024	37
1540924787032	34
1540924787066	17
1540924787061	29
1540924787083	17
1540924787090	19
1540924787100	13
1540924787113	14
1540924787109	26
1540924787127	18
1540924787135	22
1540924787157	13
1540924787145	26
1540924787170	16
1540924787172	18
1540924787186	16
1540924787190	13
1540924787203	13
1540924787202	17
1540924787219	12
1540924787216	17
1540924787231	13
1540924787233	18
1540924787244	15
1540924787251	17
1540924787259	16
1540924787268	13
1540924787275	15
1540924787281	14
1540924787290	12
1540924787295	17
1540924787302	12
1540924787313	17
1540924787314	18
1540924787332	17
1540924787330	20
1540924787351	14
1540924787349	17
1540924787365	14
1540924787366	13
1540924787381	17
1540924787381	20
1540924787398	19
1540924787401	17
1540924787418	16
1540924787419	17
1540924787434	16
1540924787436	15
1540924787451	13
1540924787451	12
1540924787464	13
1540924787464	17
1540924787481	16
1540924787477	19
1540924787497	22
1540924787497	30
1540924787519	31
1540924787550	14
1540924787527	39
1540924787566	14
1540924787564	19
1540924787583	17
1540924787580	24
1540924787600	18
1540924787604	17
1540924787618	14
1540924787621	17
1540924787632	21
1540924787638	26
1540924787664	13
1540924787653	28
1540924787681	17
1540924787677	23
1540924787699	17
1540924787700	21
1540924787716	15
1540924787721	18
1540924787731	15
1540924787740	17
1540924787746	18
1540924787758	14
1540924787764	17
1540924787772	13
1540924787781	18
1540924787785	17
1540924787799	13
1540924787802	17
1540924787812	13
1540924787819	18
1540924787825	18
1540924787837	13
1540924787843	18
1540924787850	16
1540924787861	17
1540924787866	18
1540924787878	14
1540924787885	18
1540924787892	13
1540924787903	18
1540924787905	28
1540924787921	15
1540924787936	14
1540924787933	18
1540924787950	19
1540924787951	29
1540924787969	18
1540924787980	14
1540924787995	14
1540924787987	29
1540924788009	18
1540924788016	14
1540924788030	15
1540924788027	19
1540924788046	19
1540924788046	26
1540924788065	19
1540924788072	13
1540924788085	12
1540924788084	19
1540924788097	16
1540924788104	14
1540924788119	14
1540924788113	27
1540924788133	21
1540924788141	17
1540924788158	13
1540924788154	18
1540924788171	21
1540924788173	25
1540924788192	17
1540924788198	14
1540924788212	12
1540924788209	16
1540924788224	16
1540924788225	17
1540924788240	16
1540924788242	17
1540924788259	13
1540924788256	17
1540924788272	16
1540924788273	22
1540924788288	16
1540924788295	13
1540924788304	16
1540924788308	16
1540924788320	12
1540924788324	16
1540924788333	22
1540924788341	17
1540924788358	13
1540924788355	17
1540924788371	13
1540924788372	17
1540924788384	17
1540924788389	17
1540924788401	18
1540924788406	13
1540924788419	17
1540924788419	20
1540924788436	14
1540924788439	17
1540924788456	16
1540924788450	25
1540924788472	16
1540924788475	18
1540924788488	13
1540924788501	12
1540924788493	26
1540924788514	16
1540924788519	16
1540924788530	16
1540924788535	14
1540924788549	13
1540924788546	16
1540924788562	19
1540924788562	20
1540924788582	13
1540924788582	16
1540924788595	17
1540924788598	15
1540924788613	11
1540924788612	15
1540924788624	12
1540924788627	17
1540924788636	15
1540924788645	14
1540924788652	16
1540924788659	13
1540924788668	16
1540924788672	17
1540924788685	11
1540924788689	17
1540924788697	11
1540924788706	17
1540924788708	17
1540924788723	13
1540924788725	15
1540924788736	14
1540924788740	15
1540924788750	17
1540924788755	14
1540924788769	12
1540924788767	16
1540924788783	17
1540924788781	26
1540924788807	16
1540924788800	23
1540924788823	14
1540924788823	25
1540924788837	18
1540924788848	35
1540924788855	35
1540924788883	12
1540924788890	18
1540924788895	17
1540924788909	14
1540924788912	18
1540924788923	13
1540924788930	15
1540924788936	20
1540924788945	12
1540924788958	26
1540924788956	30
1540924788984	16
1540924788986	16
1540924789002	12
1540924789000	15
1540924789014	12
1540924789015	16
1540924789026	16
1540924789031	12
1540924789043	19
1540924789042	24
1540924789062	16
1540924789066	16
1540924789078	16
1540924789082	12
1540924789095	12
1540924789094	15
1540924789107	16
1540924789110	24
1540924789123	17
1540924789134	14
1540924789140	16
1540924789149	17
1540924789156	12
1540924789166	20
1540924789168	23
1540924789186	18
1540924789191	17
1540924789204	14
1540924789208	17
1540924789218	15
1540924789225	18
1540924789233	18
1540924789243	16
1540924789259	13
1540924789251	32
1540924789272	16
1540924789283	18
1540924789289	24
1540924789301	15
1540924789316	15
1540924789313	26
1540924789331	17
1540924789339	13
1540924789352	12
1540924789348	19
1540924789364	17
1540924789367	17
1540924789381	16
1540924789384	14
1540924789398	15
1540924789398	16
1540924789414	18
1540924789413	21
1540924789432	15
1540924789434	16
1540924789447	20
1540924789450	26
1540924789467	18
1540924789476	13
1540924789489	12
1540924789485	18
1540924789503	16
1540924789502	28
1540924789519	14
1540924789530	18
1540924789533	27
1540924789548	18
1540924789566	15
1540924789560	25
1540924789581	14
1540924789585	15
1540924789600	13
1540924789595	19
1540924789613	13
1540924789614	18
1540924789626	17
1540924789632	19
1540924789643	16
1540924789651	18
1540924789659	17
1540924789669	14
1540924789676	12
1540924789688	12
1540924789683	18
1540924789701	16
1540924789701	19
1540924789720	25
1540924789717	32
1540924789745	18
1540924789749	22
1540924789763	20
1540924789771	13
1540924789783	14
1540924789784	17
1540924789797	16
1540924789801	25
1540924789826	20
1540924789813	44
1540924789846	13
1540924789857	21
1540924789859	26
1540924789878	15
1540924789885	21
1540924789893	28
1540924789906	37
1540924789921	28
1540924789950	16
1540924789943	26
1540924789966	16
1540924789969	15
1540924789982	13
1540924789984	17
1540924789995	41
1540924790001	38
1540924790036	17
1540924790039	26
1540924790053	18
1540924790065	17
1540924790071	17
1540924790082	26
1540924790088	49
1540924790108	30
1540924790137	11
1540924790138	15
1540924790153	16
1540924790149	22
1540924790169	16
1540924790172	14
1540924790185	12
1540924790186	16
1540924790202	13
1540924790197	22
1540924790219	17
1540924790216	20
1540924790236	26
1540924790236	29
1540924790262	15
1540924790265	17
1540924790277	17
1540924790282	27
1540924790294	23
1540924790309	17
1540924790317	18
1540924790326	42
1540924790335	36
1540924790371	17
1540924790368	24
1540924790388	18
1540924790392	16
1540924790408	13
1540924790406	15
1540924790421	12
1540924790421	14
1540924790433	17
1540924790435	24
1540924790450	30
1540924790459	28
1540924790480	18
1540924790487	19
1540924790506	15
1540924790498	25
1540924790521	15
1540924790523	18
1540924790541	31
1540924790537	43
1540924790572	18
1540924790580	16
1540924790590	18
1540924790596	15
1540924790608	15
1540924790611	13
1540924790624	11
1540924790623	14
1540924790635	16
1540924790637	28
1540924790651	19
1540924790665	18
1540924790670	27
1540924790683	27
1540924790697	21
1540924790710	15
1540924790718	12
1540924790725	15
1540924790730	15
1540924790740	18
1540924790745	15
1540924790760	18
1540924790758	26
1540924790778	12
1540924790784	15
1540924790790	12
1540924790799	14
1540924790802	16
1540924790813	12
1540924790818	16
1540924790825	27
1540924790834	29
1540924790852	29
1540924790863	25
1540924790881	17
1540924790888	14
1540924790898	13
1540924790902	21
1540924790911	23
1540924790923	18
1540924790934	17
1540924790941	18
1540924790959	14
1540924790951	31
1540924790973	13
1540924790982	18
1540924790986	16
1540924791000	14
1540924791015	15
1540924791002	29
1540924791032	24
1540924791031	28
1540924791056	13
1540924791069	13
1540924791059	26
1540924791082	16
1540924791085	27
1540924791098	24
1540924791112	13
1540924791122	16
1540924791125	21
1540924791138	13
1540924791147	16
1540924791151	12
1540924791163	16
1540924791163	18
1540924791181	15
1540924791180	23
1540924791198	16
1540924791204	12
1540924791214	25
1540924791216	25
1540924791241	18
1540924791239	24
1540924791259	18
1540924791263	16
1540924791277	17
1540924791279	17
1540924791296	17
1540924791294	21
1540924791313	13
1540924791315	13
1540924791326	14
1540924791328	16
1540924791340	17
1540924791344	14
1540924791357	17
1540924791359	23
1540924791375	17
1540924791382	13
1540924791392	13
1540924791395	12
1540924791405	14
1540924791407	16
1540924791420	17
1540924791424	14
1540924791438	17
1540924791438	19
1540924791457	21
1540924791455	28
1540924791478	12
1540924791483	13
1540924791490	16
1540924791496	13
1540924791506	15
1540924791509	17
1540924791521	16
1540924791526	16
1540924791537	12
1540924791542	16
1540924791549	12
1540924791558	13
1540924791561	18
1540924791571	23
1540924791579	16
1540924791595	17
1540924791594	18
1540924791612	14
1540924791612	26
1540924791626	21
1540924791638	17
1540924791647	16
1540924791655	13
1540924791663	16
1540924791668	13
1540924791679	18
1540924791681	18
1540924791697	12
1540924791699	16
1540924791709	13
1540924791722	16
1540924791715	24
1540924791738	15
1540924791739	20
1540924791753	16
1540924791769	12
1540924791759	22
1540924791782	16
1540924791781	25
1540924791798	16
1540924791814	17
1540924791806	28
1540924791831	13
1540924791844	13
1540924791834	30
1540924791858	17
1540924791864	17
1540924791875	17
1540924791881	15
1540924791892	17
1540924791896	15
1540924791911	19
1540924791909	22
1540924791931	13
1540924791930	18
1540924791944	15
1540924791948	18
1540924791966	14
1540924791959	26
1540924791980	14
1540924791985	17
1540924791994	18
1540924792002	13
1540924792015	13
1540924792012	18
1540924792028	26
1540924792030	26
1540924792056	13
1540924792054	17
1540924792069	13
1540924792071	17
1540924792082	18
1540924792088	25
1540924792101	24
1540924792113	20
1540924792125	16
1540924792133	15
1540924792141	19
1540924792148	15
1540924792163	15
1540924792160	24
1540924792178	13
1540924792184	16
1540924792193	12
1540924792200	17
1540924792205	14
1540924792217	17
1540924792219	17
1540924792236	15
1540924792234	25
1540924792252	22
1540924792259	20
1540924792274	24
1540924792279	26
1540924792305	17
1540924792298	30
1540924792328	16
1540924792322	24
1540924792346	13
1540924792344	17
1540924792359	12
1540924792361	14
1540924792371	16
1540924792375	13
1540924792387	18
1540924792388	29
1540924792405	19
1540924792424	15
1540924792417	29
1540924792439	22
1540924792446	17
1540924792462	16
1540924792463	28
1540924792478	16
1540924792491	14
1540924792494	17
1540924792505	17
1540924792511	13
1540924792524	14
1540924792522	17
1540924792538	25
1540924792539	27
1540924792563	17
1540924792566	14
1540924792580	13
1540924792580	15
1540924792595	13
1540924792593	17
1540924792608	12
1540924792620	24
1540924792610	34
1540924792644	26
1540924792644	27
1540924792671	13
1540924792670	16
1540924792685	20
1540924792686	23
1540924792705	16
1540924792710	12
1540924792721	16
1540924792722	17
1540924792737	15
1540924792752	12
1540924792739	27
1540924792764	12
1540924792766	17
1540924792776	15
1540924792783	13
1540924792791	16
1540924792796	13
1540924792807	15
1540924792809	17
1540924792822	12
1540924792826	17
1540924792834	12
1540924792846	15
1540924792843	24
1540924792861	27
1540924792867	24
1540924792888	20
1540924792891	23
1540924792908	14
1540924792923	14
1540924792914	25
1540924792937	17
1540924792939	18
1540924792954	17
1540924792957	16
1540924792971	17
1540924792973	20
1540924792988	13
1540924792993	20
1540924793001	13
1540924793013	15
1540924793014	16
1540924793028	19
1540924793031	19
1540924793047	15
1540924793050	17
1540924793062	12
1540924793067	14
1540924793074	11
1540924793081	20
1540924793086	26
1540924793101	16
1540924793117	15
1540924793113	26
1540924793133	15
1540924793139	16
1540924793148	14
1540924793155	13
1540924793162	12
1540924793168	20
1540924793174	25
1540924793188	16
1540924793199	17
1540924793204	15
1540924793216	16
1540924793219	15
1540924793232	12
1540924793235	15
1540924793244	12
1540924793250	12
1540924793256	16
1540924793262	16
1540924793272	15
1540924793278	15
1540924793287	23
1540924793293	24
1540924793310	23
1540924793317	24
1540924793333	13
1540924793341	15
1540924793346	16
1540924793356	17
1540924793362	16
1540924793373	18
1540924793378	16
1540924793394	14
1540924793391	19
1540924793408	14
1540924793410	14
1540924793422	20
1540924793425	17
1540924793442	17
1540924793442	19
1540924793459	17
1540924793461	25
1540924793476	12
1540924793486	15
1540924793488	19
1540924793501	12
1540924793507	15
1540924793513	12
1540924793522	16
1540924793525	15
1540924793538	15
1540924793540	23
1540924793553	11
1540924793564	12
1540924793563	19
1540924793576	16
1540924793582	23
1540924793592	25
1540924793605	14
1540924793617	23
1540924793619	23
1540924793641	11
1540924793643	19
1540924793652	28
1540924793663	18
1540924793682	15
1540924793680	19
1540924793697	13
1540924793699	18
1540924793710	18
1540924793718	19
1540924793729	16
1540924793738	15
1540924793746	17
1540924793753	14
1540924793763	12
1540924793775	12
1540924793767	30
1540924793798	17
1540924793787	29
1540924793815	20
1540924793816	21
1540924793835	16
1540924793851	14
1540924793837	29
1540924793866	27
1540924793893	61
1540924793865	92
1540924793954	21
1540924793957	19
1540924793976	20
1540924793975	24
1540924794004	18
1540924794004	31
1540924794022	27
1540924794043	14
1540924794049	17
1540924794057	13
1540924794071	16
1540924794066	28
1540924794088	22
1540924794094	26
1540924794110	22
1540924794120	13
1540924794132	13
1540924794133	20
1540924794146	13
1540924794153	16
1540924794159	17
1540924794169	15
1540924794176	18
1540924794184	16
1540924794194	17
1540924794200	12
1540924794211	13
1540924794212	24
1540924794224	13
1540924794236	18
1540924794238	18
1540924794256	17
1540924794254	28
1540924794273	16
1540924794282	18
1540924794289	14
1540924794300	14
1540924794303	13
1540924794315	14
1540924794316	16
1540924794329	18
1540924794332	17
1540924794347	18
1540924794349	17
1540924794367	13
1540924794365	24
1540924794380	13
1540924794389	12
1540924794393	17
1540924794402	12
1540924794410	20
1540924794414	16
1540924794430	21
1540924794430	29
1540924794451	13
1540924794459	16
1540924794464	14
1540924794475	11
1540924794478	16
1540924794487	11
1540924794494	17
1540924794498	19
1540924794512	16
1540924794517	15
1540924794528	20
1540924794533	25
1540924794548	11
1540924794559	15
1540924794559	16
1540924794574	13
1540924794575	15
1540924794587	17
1540924794590	16
1540924794604	20
1540924794606	22
1540924794628	13
1540924794624	25
1540924794641	17
1540924794649	20
1540924794669	13
1540924794658	24
1540924794682	17
1540924794682	19
1540924794699	28
1540924794701	27
1540924794728	16
1540924794727	23
1540924794750	17
1540924794744	25
1540924794767	18
1540924794769	25
1540924794785	28
1540924794794	24
1540924794813	16
1540924794829	13
1540924794818	25
1540924794842	17
1540924794843	17
1540924794860	12
1540924794859	17
1540924794872	13
1540924794876	16
1540924794885	16
1540924794893	12
1540924794902	15
1540924794906	12
1540924794917	16
1540924794918	27
1540924794933	12
1540924794945	12
1540924794945	17
1540924794957	17
1540924794962	16
1540924794974	15
1540924794978	13
1540924794991	13
1540924794989	22
1540924795004	17
1540924795011	11
1540924795022	12
1540924795021	27
1540924795034	19
1540924795048	16
1540924795054	15
1540924795064	15
1540924795069	16
1540924795079	13
1540924795085	12
1540924795092	16
1540924795097	12
1540924795108	17
1540924795109	30
1540924795126	17
1540924795139	17
1540924795143	20
1540924795156	16
1540924795163	12
1540924795172	12
1540924795175	16
1540924795184	11
1540924795191	15
1540924795196	15
1540924795206	16
1540924795211	16
1540924795222	12
1540924795227	16
1540924795243	12
1540924795234	23
1540924795255	11
1540924795257	16
1540924795273	16
1540924795266	24
1540924795289	18
1540924795307	13
1540924795290	30
1540924795320	14
1540924795320	25
1540924795334	24
1540924795345	20
1540924795365	12
1540924795358	22
1540924795377	16
1540924795380	15
1540924795395	13
1540924795393	25
1540924795408	11
1540924795419	15
1540924795418	18
1540924795434	16
1540924795436	23
1540924795450	16
1540924795459	13
1540924795466	11
1540924795477	12
1540924795473	24
1540924795489	15
1540924795497	16
1540924795504	15
1540924795513	23
1540924795519	26
1540924795536	12
1540924795545	14
1540924795548	12
1540924795560	16
1540924795559	22
1540924795581	17
1540924795576	26
1540924795598	17
1540924795602	28
1540924795615	19
1540924795630	23
1540924795634	22
1540924795653	12
1540924795656	13
1540924795666	16
1540924795669	16
1540924795683	16
1540924795686	24
1540924795699	16
1540924795710	18
1540924795715	14
1540924795728	12
1540924795729	23
1540924795741	11
1540924795752	17
1540924795753	25
1540924795778	16
1540924795769	28
1540924795794	16
1540924795797	16
1540924795810	12
1540924795813	13
1540924795822	13
1540924795826	16
1540924795835	16
1540924795842	25
1540924795852	16
1540924795867	17
1540924795868	17
1540924795884	16
1540924795885	23
1540924795900	13
1540924795908	14
1540924795914	12
1540924795922	17
1540924795926	17
1540924795939	18
1540924795943	25
1540924795957	16
1540924795969	23
1540924795974	24
1540924795993	12
1540924795998	14
1540924796005	12
1540924796017	15
1540924796012	24
1540924796032	15
1540924796037	17
1540924796047	15
1540924796062	11
1540924796055	28
1540924796073	12
1540924796085	19
1540924796083	30
1540924796104	15
1540924796113	13
1540924796119	16
1540924796126	17
1540924796135	12
1540924796147	11
1540924796143	24
1540924796158	15
1540924796167	16
1540924796173	16
1540924796183	12
1540924796195	12
1540924796189	21
1540924796210	11
1540924796207	15
1540924796221	12
1540924796222	15
1540924796233	15
1540924796238	15
1540924796248	26
1540924796253	23
1540924796276	13
1540924796274	16
1540924796290	15
1540924796289	16
1540924796305	14
1540924796305	17
1540924796319	16
1540924796322	26
1540924796335	16
1540924796351	18
1540924796348	23
1540924796369	13
1540924796371	13
1540924796382	13
1540924796384	25
1540924796395	16
1540924796409	16
1540924796411	16
1540924796425	17
1540924796427	18
1540924796442	13
1540924796445	13
1540924796455	13
1540924796459	13
1540924796468	17
1540924796472	15
1540924796485	16
1540924796487	16
1540924796502	16
1540924796503	17
1540924796518	13
1540924796520	13
1540924796531	12
1540924796533	24
1540924796543	17
1540924796557	16
1540924796560	25
1540924796573	17
1540924796585	18
1540924796590	23
1540924796603	13
1540924796613	12
1540924796616	12
1540924796625	12
1540924796629	16
1540924796638	15
1540924796645	17
1540924796653	16
1540924796669	15
1540924796662	25
1540924796684	12
1540924796687	13
1540924796700	13
1540924796696	23
1540924796713	17
1540924796719	28
1540924796747	18
1540924796730	35
1540924796765	20
1540924796765	24
1540924796789	36
1540924796785	55
1540924796825	28
1540924796840	27
1540924796853	27
1540924796867	19
1540924796880	48
1540924796886	60
1540924796928	23
1540924796947	15
1540924796951	12
1540924796963	12
1540924796963	23
1540924796975	13
1540924796986	16
1540924796988	16
1540924797002	17
1540924797004	16
1540924797019	16
1540924797020	15
1540924797035	13
1540924797035	23
1540924797048	16
1540924797058	13
1540924797064	15
1540924797071	16
1540924797079	15
1540924797087	17
1540924797094	15
1540924797104	16
1540924797120	13
1540924797109	30
1540924797133	13
1540924797139	14
1540924797146	17
1540924797163	21
1540924797153	31
1540924797184	26
1540924797184	28
1540924797212	14
1540924797210	27
1540924797237	13
1540924797226	24
1540924797250	16
1540924797250	20
1540924797266	17
1540924797270	16
1540924797284	17
1540924797286	17
1540924797303	13
1540924797301	17
1540924797316	13
1540924797319	13
1540924797332	14
1540924797329	17
1540924797346	17
1540924797346	19
1540924797364	18
1540924797365	17
1540924797382	13
1540924797382	19
1540924797395	15
1540924797401	15
1540924797410	17
1540924797417	14
1540924797427	17
1540924797431	18
1540924797444	17
1540924797450	20
1540924797462	13
1540924797475	12
1540924797470	18
1540924797487	18
1540924797488	20
1540924797509	12
1540924797505	16
1540924797521	15
1540924797521	18
1540924797536	15
1540924797539	13
1540924797552	13
1540924797551	16
1540924797567	12
1540924797565	25
1540924797579	19
1540924797590	24
1540924797598	16
1540924797614	16
1540924797615	16
1540924797630	13
1540924797631	15
1540924797643	12
1540924797646	12
1540924797658	12
1540924797655	25
1540924797670	15
1540924797681	17
1540924797685	16
1540924797698	17
1540924797701	15
1540924797716	12
1540924797715	20
1540924797735	15
1540924797728	24
1540924797752	16
1540924797751	26
1540924797768	23
1540924797778	39
1540924797791	34
1540924797818	17
1540924797825	14
1540924797836	16
1540924797839	16
1540924797853	22
1540924797856	21
1540924797875	18
1540924797880	23
1540924797893	20
1540924797903	25
1540924797913	24
1540924797929	19
1540924797948	16
1540924797937	29
1540924797964	17
1540924797966	18
1540924797981	16
1540924797984	18
1540924797997	16
1540924798002	19
1540924798013	12
1540924798025	12
1540924798021	18
1540924798037	15
1540924798039	23
1540924798052	16
1540924798062	13
1540924798068	16
1540924798084	12
1540924798075	33
1540924798108	32
1540924798128	25
1540924798140	16
1540924798154	16
1540924798156	17
1540924798176	14
1540924798176	17
1540924798190	14
1540924798193	24
1540924798204	15
1540924798217	16
1540924798219	16
1540924798233	18
1540924798235	16
1540924798251	12
1540924798251	16
1540924798263	11
1540924798267	17
1540924798275	14
1540924798284	13
1540924798298	13
1540924798289	24
1540924798312	17
1540924798313	16
1540924798329	12
1540924798329	26
1540924798342	13
1540924798355	16
1540924798355	18
1540924798373	13
1540924798371	16
1540924798387	23
1540924798387	24
1540924798411	12
1540924798410	17
1540924798423	12
1540924798427	18
1540924798436	15
1540924798451	14
1540924798445	23
1540924798465	17
1540924798468	14
1540924798482	15
1540924798482	15
1540924798497	12
1540924798497	15
1540924798509	16
1540924798512	24
1540924798525	16
1540924798541	15
1540924798536	26
1540924798556	12
1540924798562	14
1540924798568	19
1540924798576	24
1540924798587	24
1540924798611	24
1540924798600	51
1540924798635	29
1540924798651	16
1540924798664	13
1540924798667	15
1540924798677	14
1540924798682	12
1540924798691	17
1540924798694	19
1540924798708	17
1540924798713	24
1540924798725	17
1540924798737	15
1540924798742	16
1540924798753	15
1540924798768	12
1540924798758	26
1540924798780	14
1540924798784	19
1540924798794	15
1540924798803	19
1540924798809	15
1540924798822	23
1540924798824	27
1540924798851	14
1540924798845	22
1540924798866	14
1540924798867	14
1540924798881	17
1540924798880	20
1540924798898	17
1540924798900	18
1540924798915	16
1540924798918	24
1540924798931	12
1540924798943	18
1540924798943	31
1540924798961	14
1540924798975	33
1540924798974	34
1540924799008	24
1540924799008	26
1540924799033	22
1540924799035	21
1540924799060	12
1540924799060	13
1540924799073	13
1540924799072	21
1540924799091	18
1540924799093	17
1540924799110	15
1540924799109	24
1540924799125	15
1540924799133	21
1540924799140	31
1540924799155	21
1540924799176	13
1540924799171	18
1540924799189	23
1540924799189	25
1540924799213	19
1540924799214	41
1540924799255	20
1540924799232	47
1540924799275	12
1540924799280	13
1540924799287	12
1540924799293	49
1540924799299	58
1540924799342	21
1540924799358	50
1540924799363	60
1540924799408	39
1540924799423	37
1540924799461	14
1540924799454	25
1540924799476	13
1540924799479	25
1540924799490	16
1540924799504	19
1540924799507	17
1540924799523	16
1540924799524	18
1540924799539	33
1540924799542	34
1540924799572	15
1540924799576	22
1540924799587	14
1540924799599	18
1540924799601	17
1540924799617	16
1540924799618	20
1540924799634	16
1540924799639	17
1540924799650	12
1540924799656	14
1540924799663	11
1540924799671	24
1540924799675	25
1540924799697	120
1540924799701	120
1540924799821	23
1540924799817	34
1540924799844	27
1540924799851	48
1540924799871	31
1540924799899	13
1540924799902	17
1540924799919	16
1540924799912	21
1540924799936	17
1540924799937	19
1540924799953	19
1540924799956	18
1540924799974	17
1540924799974	17
1540924799991	14
1540924799991	16
1540924800006	14
1540924800008	16
1540924800020	17
1540924800024	15
1540924800038	18
1540924800040	13
1540924800058	13
1540924800058	17
1540924800083	13
1540924800083	26
1540924800101	24
1540924800109	17
1540924800126	19
1540924800125	21
1540924800147	15
1540924800148	16
1540924800162	13
1540924800164	16
1540924800175	17
1540924800180	13
1540924800192	16
1540924800193	25
1540924800222	17
1540924800222	19
1540924800239	19
1540924800241	21
1540924800262	12
1540924800258	16
1540924800275	12
1540924800274	15
1540924800287	13
1540924800289	16
1540924800300	16
1540924800305	24
1540924800316	24
1540924800329	12
1540924800340	16
1540924800341	20
1540924800357	12
1540924800369	13
1540924800361	23
1540924800382	16
1540924800384	26
1540924800398	16
1540924800410	15
1540924800414	16
1540924800425	14
1540924800430	12
1540924800439	12
1540924800442	14
1540924800452	18
1540924800456	16
1540924800470	16
1540924800472	25
1540924800486	16
1540924800497	16
1540924800502	12
1540924800513	13
1540924800514	13
1540924800526	13
1540924800527	16
1540924800539	16
1540924800543	16
1540924800555	16
1540924800559	16
1540924800571	16
1540924800575	13
1540924800588	13
1540924800588	13
1540924800601	22
1540924800601	22
1540924800623	15
1540924800623	18
1540924800638	16
1540924800641	16
1540924800654	14
1540924800657	13
1540924800670	13
1540924800668	24
1540924800683	16
1540924800692	22
1540924800699	17
1540924800714	17
1540924800716	16
1540924800732	14
1540924800731	18
1540924800746	13
1540924800749	17
1540924800759	16
1540924800766	13
1540924800775	17
1540924800779	15
1540924800794	18
1540924800792	24
1540924800813	17
1540924800817	14
1540924800831	14
1540924800830	16
1540924800846	15
1540924800845	18
1540924800861	15
1540924800863	17
1540924800876	17
1540924800880	15
1540924800893	17
1540924800896	23
1540924800910	17
1540924800919	15
1540924800927	13
1540924800934	17
1540924800940	14
1540924800951	18
1540924800954	18
1540924800969	19
1540924800972	18
1540924800988	14
1540924800990	19
1540924801002	15
1540924801009	14
1540924801017	18
1540924801023	13
1540924801036	17
1540924801035	30
1540924801065	18
1540924801053	30
1540924801083	16
1540924801083	25
1540924801099	14
1540924801108	12
1540924801120	11
1540924801113	18
1540924801131	17
1540924801131	18
1540924801148	19
1540924801149	24
1540924801173	17
1540924801167	23
1540924801190	14
1540924801190	22
1540924801204	17
1540924801212	13
1540924801221	17
1540924801225	26
1540924801238	18
1540924801251	17
1540924801256	16
1540924801272	13
1540924801268	31
1540924801285	18
1540924801299	17
1540924801303	21
1540924801316	14
1540924801324	17
1540924801331	17
1540924801341	14
1540924801355	14
1540924801348	31
1540924801369	17
1540924801379	17
1540924801386	17
1540924801396	15
1540924801404	18
1540924801411	13
1540924801424	17
1540924801422	23
1540924801445	14
1540924801441	28
1540924801459	26
1540924801469	18
1540924801487	14
1540924801485	17
1540924801502	16
1540924801502	26
1540924801518	21
1540924801528	14
1540924801543	14
1540924801539	22
1540924801558	19
1540924801561	16
1540924801578	13
1540924801578	16
1540924801591	14
1540924801594	17
1540924801611	20
1540924801605	27
1540924801632	13
1540924801632	17
1540924801645	22
1540924801649	32
1540924801667	16
1540924801681	13
1540924801683	16
1540924801694	14
1540924801699	13
1540924801708	19
1540924801712	22
1540924801727	18
1540924801735	16
1540924801745	16
1540924801751	17
1540924801761	14
1540924801768	16
1540924801775	13
1540924801784	13
1540924801788	18
1540924801797	13
1540924801806	18
1540924801811	25
1540924801824	17
1540924801836	17
1540924801841	13
1540924801854	14
1540924801853	16
1540924801869	13
1540924801868	16
1540924801883	13
1540924801884	15
1540924801896	17
1540924801899	15
1540924801914	12
1540924801913	16
1540924801926	13
1540924801930	19
1540924801943	15
1540924801950	16
1540924801958	17
1540924801966	14
1540924801975	17
1540924801983	17
1540924801992	12
1540924802000	20
1540924802005	30
1540924802020	38
1540924802035	31
1540924802059	13
1540924802067	15
1540924802078	13
1540924802082	16
1540924802091	17
1540924802099	12
1540924802111	13
1540924802108	17
1540924802124	16
1540924802125	16
1540924802141	13
1540924802140	16
1540924802154	13
1540924802156	16
1540924802168	16
1540924802172	12
1540924802184	14
1540924802184	18
1540924802198	16
1540924802202	17
1540924802214	16
1540924802220	12
1540924802232	14
1540924802230	16
1540924802246	17
1540924802246	22
1540924802263	16
1540924802268	13
1540924802279	16
1540924802281	16
1540924802295	13
1540924802297	16
1540924802313	17
1540924802308	23
1540924802330	13
1540924802331	16
1540924802343	13
1540924802356	16
1540924802347	28
1540924802372	17
1540924802375	16
1540924802389	16
1540924802392	15
1540924802405	13
1540924802407	13
1540924802418	14
1540924802421	16
1540924802432	16
1540924802437	16
1540924802448	16
1540924802453	18
1540924802464	16
1540924802471	14
1540924802480	12
1540924802485	13
1540924802492	13
1540924802498	28
1540924802505	26
1540924802526	17
1540924802531	16
1540924802543	17
1540924802547	19
1540924802560	17
1540924802566	13
1540924802579	13
1540924802577	16
1540924802592	16
1540924802593	25
1540924802608	16
1540924802618	15
1540924802624	18
1540924802633	14
1540924802642	13
1540924802647	13
1540924802655	13
1540924802660	12
1540924802668	16
1540924802672	14
1540924802684	17
1540924802686	17
1540924802701	17
1540924802703	16
1540924802718	13
1540924802719	14
1540924802731	13
1540924802733	12
1540924802744	16
1540924802745	16
1540924802760	16
1540924802762	17
1540924802779	15
1540924802777	25
1540924802794	20
1540924802802	22
1540924802814	12
1540924802826	16
1540924802824	20
1540924802842	16
1540924802844	16
1540924802858	15
1540924802860	23
1540924802873	12
1540924802885	12
1540924802883	16
1540924802898	15
1540924802899	23
1540924802913	24
1540924802922	21
1540924802937	19
1540924802943	15
1540924802956	12
1540924802958	16
1540924802968	12
1540924802974	24
1540924802980	23
1540924802998	13
1540924803011	13
1540924803003	24
1540924803027	17
1540924803024	25
1540924803044	12
1540924803050	16
1540924803056	24
1540924803066	16
1540924803080	18
1540924803082	24
1540924803098	20
1540924803106	15
1540924803118	18
1540924803121	17
1540924803139	18
1540924803136	22
1540924803158	22
1540924803157	28
1540924803181	17
1540924803185	14
1540924803198	17
1540924803199	20
1540924803219	16
1540924803215	23
1540924803238	13
1540924803235	23
1540924803252	12
1540924803258	17
1540924803265	16
1540924803275	12
1540924803281	16
1540924803287	12
1540924803297	16
1540924803299	15
1540924803313	12
1540924803325	12
1540924803314	26
1540924803338	17
1540924803340	17
1540924803355	16
1540924803357	14
1540924803371	14
1540924803371	18
1540924803389	14
1540924803385	18
1540924803403	14
1540924803403	24
1540924803417	16
1540924803427	17
1540924803433	16
1540924803444	11
1540924803450	16
1540924803455	13
1540924803466	13
1540924803479	13
1540924803468	28
1540924803492	15
1540924803497	15
1540924803507	16
1540924803512	15
1540924803527	13
1540924803523	29
1540924803552	13
1540924803540	28
1540924803565	13
1540924803568	17
1540924803578	16
1540924803586	18
1540924803594	16
1540924803604	18
1540924803610	25
1540924803622	17
1540924803635	22
1540924803639	21
1540924803657	22
1540924803660	26
1540924803679	17
1540924803686	17
1540924803696	16
1540924803703	17
1540924803712	16
1540924803720	14
1540924803728	13
1540924803741	15
1540924803734	25
1540924803756	18
1540924803759	17
1540924803774	17
1540924803776	18
1540924803791	17
1540924803794	16
1540924803808	13
1540924803811	14
1540924803821	12
1540924803825	14
1540924803833	17
1540924803839	17
1540924803850	17
1540924803856	26
1540924803867	26
1540924803882	17
1540924803893	13
1540924803899	14
1540924803906	14
1540924803913	13
1540924803920	21
1540924803926	18
1540924803941	22
1540924803944	20
1540924803963	17
1540924803964	26
1540924803981	15
1540924803990	13
1540924803996	13
1540924804003	13
1540924804009	23
1540924804016	19
1540924804032	15
1540924804035	26
1540924804047	26
1540924804061	16
1540924804073	13
1540924804077	13
1540924804086	15
1540924804090	16
1540924804101	16
1540924804106	17
1540924804117	16
1540924804123	16
1540924804133	17
1540924804139	18
1540924804150	56
1540924804157	85
1540924804242	15
1540924804206	59
1540924804257	18
1540924804265	17
1540924804275	18
1540924804282	16
1540924804293	17
1540924804298	17
1540924804310	14
1540924804315	15
1540924804324	14
1540924804330	13
1540924804338	17
1540924804343	16
1540924804359	16
1540924804355	23
1540924804375	17
1540924804378	26
1540924804392	13
1540924804404	13
1540924804405	13
1540924804418	17
1540924804417	22
1540924804435	17
1540924804439	28
1540924804452	16
1540924804468	14
1540924804467	16
1540924804482	13
1540924804483	17
1540924804495	16
1540924804500	27
1540924804511	24
1540924804527	15
1540924804536	26
1540924804542	27
1540924804562	23
1540924804569	28
1540924804585	25
1540924804597	18
1540924804610	17
1540924804615	23
1540924804627	16
1540924804638	13
1540924804643	17
1540924804651	16
1540924804660	13
1540924804667	16
1540924804673	21
1540924804683	17
1540924804694	16
1540924804700	13
1540924804713	14
1540924804710	18
1540924804727	17
1540924804728	19
1540924804744	17
1540924804747	20
1540924804761	16
1540924804767	21
1540924804777	25
1540924804788	16
1540924804802	14
1540924804804	15
1540924804816	17
1540924804819	14
1540924804834	13
1540924804834	23
1540924804847	12
1540924804857	15
1540924804859	16
1540924804872	12
1540924804884	11
1540924804875	26
1540924804901	16
1540924804895	24
1540924804917	13
1540924804919	23
1540924804930	13
1540924804942	15
1540924804943	17
1540924804957	11
1540924804960	16
1540924804968	12
1540924804976	16
1540924804980	15
1540924804992	13
1540924804995	15
1540924805005	13
1540924805010	15
1540924805018	16
1540924805025	12
1540924805037	12
1540924805034	17
1540924805049	15
1540924805051	16
1540924805064	15
1540924805067	13
1540924805079	23
1540924805080	24
1540924805102	24
1540924805104	26
1540924805130	15
1540924805126	24
1540924805145	16
1540924805150	18
1540924805161	12
1540924805173	12
1540924805168	18
1540924805185	23
1540924805186	23
1540924805209	11
1540924805208	14
1540924805221	11
1540924805222	15
1540924805232	15
1540924805237	11
1540924805247	15
1540924805248	24
1540924805262	15
1540924805277	11
1540924805272	18
1540924805288	11
1540924805290	23
1540924805300	15
1540924805313	15
1540924805315	14
1540924805328	12
1540924805329	15
1540924805340	11
1540924805344	12
1540924805356	12
1540924805351	26
1540924805368	15
1540924805377	16
1540924805383	15
1540924805393	17
1540924805399	15
1540924805410	13
1540924805414	21
1540924805423	14
1540924805435	13
1540924805437	15
1540924805448	16
1540924805453	25
1540924805464	16
1540924805480	17
1540924805478	50
1540924805497	32
1540924805529	18
1540924805528	29
1540924805547	31
1540924805557	25
1540924805582	17
1540924805578	24
1540924805599	14
1540924805602	15
1540924805613	16
1540924805618	11
1540924805629	13
1540924805629	20
1540924805642	15
1540924805649	12
1540924805661	13
1540924805657	17
1540924805674	15
1540924805674	17
1540924805689	12
1540924805691	15
1540924805701	11
1540924805706	14
1540924805712	18
1540924805720	12
1540924805730	24
1540924805733	28
1540924805755	14
1540924805761	25
1540924805769	22
1540924805786	15
1540924805791	13
1540924805801	12
1540924805813	12
1540924805804	23
1540924805825	16
1540924805827	25
1540924805841	15
1540924805852	17
1540924805856	14
1540924805869	13
1540924805870	22
1540924805882	13
1540924805892	13
1540924805895	24
1540924805905	17
1540924805920	17
1540924805923	19
1540924805937	15
1540924805942	16
1540924805958	14
1540924805952	22
1540924805972	12
1540924805974	12
1540924805985	16
1540924805986	16
1540924806002	17
1540924806001	17
1540924806019	16
1540924806019	17
1540924806036	13
1540924806035	14
1540924806049	13
1540924806049	14
1540924806063	16
1540924806063	17
1540924806080	18
1540924806080	19
1540924806099	20
1540924806098	29
1540924806119	13
1540924806132	13
1540924806127	24
1540924806145	16
1540924806151	12
1540924806163	16
1540924806161	23
1540924806184	15
1540924806180	26
1540924806200	12
1540924806206	17
1540924806212	25
1540924806223	14
1540924806237	15
1540924806237	17
1540924806252	18
1540924806254	17
1540924806270	16
1540924806271	25
1540924806286	17
1540924806296	25
1540924806303	25
1540924806328	14
1540924806322	23
1540924806342	25
1540924806345	25
1540924806367	16
1540924806370	16
1540924806383	16
1540924806386	18
1540924806404	13
1540924806399	21
1540924806417	14
1540924806420	13
1540924806433	16
1540924806431	27
1540924806449	16
1540924806458	17
1540924806465	16
1540924806475	16
1540924806481	12
1540924806493	13
1540924806491	22
1540924806506	16
1540924806513	14
1540924806522	15
1540924806527	16
1540924806538	15
1540924806543	17
1540924806553	12
1540924806560	17
1540924806565	12
1540924806577	14
1540924806577	16
1540924806591	13
1540924806593	16
1540924806605	16
1540924806609	15
1540924806624	13
1540924806621	16
1540924806637	12
1540924806637	16
1540924806653	22
1540924806649	27
1540924806676	16
1540924806675	22
1540924806692	17
1540924806697	16
1540924806709	13
1540924806713	16
1540924806722	18
1540924806730	16
1540924806740	17
1540924806746	12
1540924806757	19
1540924806759	23
1540924806776	20
1540924806782	24
1540924806796	20
1540924806816	14
1540924806806	32
1540924806830	24
1540924806838	23
1540924806861	15
1540924806854	31
1540924806876	13
1540924806889	16
1540924806885	26
1540924806911	13
1540924806905	27
1540924806924	12
1540924806932	18
1540924806936	17
1540924806950	14
1540924806953	16
1540924806964	13
1540924806969	17
1540924806977	17
1540924806986	13
1540924806995	18
1540924806999	15
1540924807013	17
1540924807014	25
1540924807030	14
1540924807040	19
1540924807044	20
1540924807059	16
1540924807064	15
1540924807075	13
1540924807079	14
1540924807088	13
1540924807093	16
1540924807102	16
1540924807109	12
1540924807121	11
1540924807118	16
1540924807132	15
1540924807134	16
1540924807147	15
1540924807150	13
1540924807163	13
1540924807162	16
1540924807178	14
1540924807176	17
1540924807192	12
1540924807193	17
1540924807210	16
1540924807204	23
1540924807226	26
1540924807227	29
1540924807252	13
1540924807256	20
1540924807276	13
1540924807265	25
1540924807291	16
1540924807289	22
1540924807307	42
1540924807311	39
1540924807349	13
1540924807350	25
1540924807362	20
1540924807375	17
1540924807382	26
1540924807392	20
1540924807409	16
1540924807412	23
1540924807425	16
1540924807435	17
1540924807441	13
1540924807454	13
1540924807452	16
1540924807468	27
1540924807468	35
1540924807495	16
1540924807503	13
1540924807511	17
1540924807517	13
1540924807528	13
1540924807530	16
1540924807541	13
1540924807546	17
1540924807555	16
1540924807563	16
1540924807571	16
1540924807579	13
1540924807592	13
1540924807587	18
1540924807605	14
1540924807605	18
1540924807619	13
1540924807623	18
1540924807632	18
1540924807641	29
1540924807670	14
1540924807650	38
1540924807688	19
1540924807684	25
1540924807707	16
1540924807709	29
1540924807723	34
1540924807738	30
1540924807757	27
1540924807768	24
1540924807784	16
1540924807792	31
1540924807800	25
1540924807825	15
1540924807823	28
1540924807840	14
1540924807851	17
1540924807854	26
1540924807868	20
1540924807888	20
1540924807881	40
1540924807908	39
1540924807921	29
1540924807947	16
1540924807950	14
1540924807963	17
1540924807965	24
1540924807980	17
1540924807989	22
1540924807997	29
1540924808011	25
1540924808026	40
1540924808036	48
1540924808066	23
1540924808084	20
1540924808089	27
1540924808104	13
1540924808117	19
1540924808116	53
1540924808144	56
1540924808169	37
1540924808207	15
1540924808200	29
1540924808222	37
1540924808231	34
1540924808265	24
1540924808259	49
1540924808289	47
1540924808336	17
1540924808308	53
1540924808353	18
1540924808361	17
1540924808371	12
1540924808378	13
1540924808383	12
1540924808391	13
1540924808395	17
1540924808404	25
1540924808412	25
1540924808429	16
1540924808437	15
1540924808445	14
1540924808452	12
1540924808459	12
1540924808464	12
1540924808471	12
1540924808476	16
1540924808483	14
1540924808492	15
1540924808498	14
1540924808508	15
1540924808512	15
1540924808523	13
1540924808527	11
1540924808536	12
1540924808538	11
1540924808548	15
1540924808549	24
1540924808563	26
1540924808573	26
1540924808589	16
1540924808599	16
1540924808605	16
1540924808619	16
1540924808621	15
1540924808635	14
1540924808636	18
1540924808649	17
1540924808654	16
1540924808666	18
1540924808670	23
1540924808693	12
1540924808684	23
1540924808705	14
1540924808707	22
1540924808719	15
1540924808734	15
1540924808729	23
1540924808752	21
1540924808749	40
1540924808773	27
1540924808790	13
1540924808800	15
1540924808803	14
1540924808815	12
1540924808817	17
1540924808827	12
1540924808834	17
1540924808839	14
1540924808851	17
1540924808853	16
1540924808868	16
1540924808869	15
1540924808884	12
1540924808884	13
1540924808897	18
1540924808896	28
1540924808915	16
1540924808924	18
1540924808931	19
1540924808950	15
1540924808942	27
1540924808965	14
1540924808969	17
1540924808986	12
1540924808979	27
1540924808999	14
1540924809006	17
1540924809013	19
1540924809023	24
1540924809032	18
1540924809047	12
1540924809050	18
1540924809059	14
1540924809068	13
1540924809081	15
1540924809073	29
1540924809096	17
1540924809104	15
1540924809113	18
1540924809119	17
1540924809131	17
1540924809136	12
1540924809148	33
1540924809148	42
1540924809182	24
1540924809204	26
1540924809206	24
1540924809232	17
1540924809233	19
1540924809252	13
1540924809249	17
1540924809265	13
1540924809266	15
1540924809281	13
1540924809278	18
1540924809294	14
1540924809296	27
1540924809308	16
1540924809325	23
1540924809323	27
1540924809350	13
1540924809348	16
1540924809363	14
1540924809364	21
1540924809377	17
1540924809385	12
1540924809394	17
1540924809397	15
1540924809411	17
1540924809412	16
1540924809428	14
1540924809428	17
1540924809445	13
1540924809442	16
1540924809458	14
1540924809458	16
1540924809472	24
1540924809474	23
1540924809497	16
1540924809496	26
1540924809514	22
1540924809522	17
1540924809536	13
1540924809540	15
1540924809555	14
1540924809549	31
1540924809569	24
1540924809580	18
1540924809599	17
1540924809593	26
1540924809617	18
1540924809619	18
1540924809638	14
1540924809635	22
1540924809652	13
1540924809657	17
1540924809665	18
1540924809674	16
1540924809690	17
1540924809683	25
1540924809707	12
1540924809711	19
1540924809719	13
1540924809730	12
1540924809732	16
1540924809742	12
1540924809748	16
1540924809754	16
1540924809764	16
1540924809770	17
1540924809780	12
1540924809787	16
1540924809792	21
1540924809803	12
1540924809815	12
1540924809813	15
1540924809827	15
1540924809829	15
1540924809842	17
1540924809844	15
1540924809860	12
1540924809859	15
1540924809872	12
1540924809875	12
1540924809887	12
1540924809884	15
1540924809904	17
1540924809921	17
1540924809938	15
1540924809953	12
1540924809991	14
1540924810005	17
1540924810036	17
1540924810053	18
1540924810071	12
1540924810084	13
1540924810097	15
1540924810112	16
1540924810128	16
1540924810144	13
1540924810157	13
1540924810184	17
1540924810202	15
1540924810217	16
1540924810233	12
1540924810245	13
1540924810258	16
1540924810274	17
1540924810291	16
1540924810307	22
1540924810329	14
1540924810343	16
1540924780894	60183
1540924841077	18
1540924841095	24
1540924841119	59960
1540924901079	24
1540924901107	26
1540924901133	59944
1540924961077	24
1540924961101	35
1540924961136	19
