1540596166623	967
1540596166623	967
1540596166623	967
1540596167596	18
1540596167598	19
1540596167598	20
1540596167640	15
1540596167639	16
1540596167640	15
1540596167675	17
1540596167680	13
1540596167682	14
1540596167693	18
1540596167696	19
1540596167693	33
1540596167712	17
1540596167715	24
1540596167730	18
1540596167726	23
1540596167739	23
1540596167749	21
1540596167762	14
1540596167748	30
1540596167771	14
1540596167778	16
1540596167776	30
1540596167785	23
1540596167794	17
1540596167808	19
1540596167812	18
1540596167829	17
1540596167833	15
1540596167848	13
1540596167848	17
1540596167862	21
1540596167865	25
1540596167884	16
1540596167890	13
1540596167901	15
1540596167903	15
1540596167806	115
1540596167917	15
1540596167918	27
1540596167933	13
1540596167921	29
1540596167946	14
1540596167945	26
1540596167960	16
1540596167952	28
1540596167971	12
1540596167976	18
1540596167980	24
1540596167983	23
1540596167996	21
1540596168004	14
1540596168006	29
1540596168017	26
1540596168018	27
1540596168043	13
1540596168046	17
1540596168039	31
1540596168070	19
1540596168070	19
1540596168071	19
1540596168090	13
1540596168089	14
1540596168089	18
1540596168103	13
1540596168108	17
1540596168103	27
1540596168116	17
1540596168125	15
1540596168133	18
1540596168133	19
1540596168141	29
1540596168152	21
1540596168152	21
1540596168181	14
1540596168181	17
1540596168181	19
1540596168195	14
1540596168200	14
1540596168209	17
1540596168214	14
1540596168198	30
1540596168228	17
1540596168226	19
1540596168228	18
1540596168245	13
1540596168246	16
1540596168245	19
1540596168258	13
1540596168264	15
1540596168263	19
1540596168271	18
1540596168279	14
1540596168282	14
1540596168289	17
1540596168296	13
1540596168293	30
1540596168310	19
1540596168306	29
1540596168323	17
1540596168329	20
1540596168338	13
1540596168340	21
1540596168351	13
1540596168349	18
1540596168361	14
1540596168364	18
1540596168368	14
1540596168375	14
1540596168382	14
1540596168382	16
1540596168389	17
1540596168398	19
1540596168396	24
1540596168407	17
1540596168421	15
1540596168418	24
1540596168424	18
1540596168437	15
1540596168442	14
1540596168442	14
1540596168452	11
1540596168456	14
1540596168456	17
1540596168464	12
1540596168470	17
1540596168474	17
1540596168476	15
1540596168488	17
1540596168491	15
1540596168492	17
1540596168505	17
1540596168509	19
1540596168506	27
1540596168529	17
1540596168533	14
1540596168523	25
1540596168546	14
1540596168548	14
1540596168547	18
1540596168561	17
1540596168562	18
1540596168565	16
1540596168578	19
1540596168581	17
1540596168581	30
1540596168597	16
1540596168598	16
1540596168611	15
1540596168615	24
1540596168613	27
1540596168627	24
1540596168640	12
1540596168640	13
1540596168651	17
1540596168652	17
1540596168653	18
1540596168668	16
1540596168669	18
1540596168671	17
1540596168684	17
1540596168687	17
1540596168701	13
1540596168689	25
1540596168704	14
1540596168714	13
1540596168715	13
1540596168718	14
1540596168728	17
1540596168728	20
1540596168732	18
1540596168747	18
1540596168748	19
1540596168750	18
1540596168765	17
1540596168767	16
1540596168782	13
1540596168768	27
1540596168783	15
1540596168796	12
1540596168795	13
1540596168802	12
1540596168808	12
1540596168809	17
1540596168814	12
1540596168821	16
1540596168827	14
1540596168827	17
1540596168839	16
1540596168842	15
1540596168844	17
1540596168855	17
1540596168857	17
1540596168861	13
1540596168872	13
1540596168874	11
1540596168874	13
1540596168885	12
1540596168885	12
1540596168890	17
1540596168898	15
1540596168898	16
1540596168908	17
1540596168913	16
1540596168914	17
1540596168925	22
1540596168935	17
1540596168947	13
1540596168953	12
1540596168935	32
1540596168960	13
1540596168967	11
1540596168965	13
1540596168978	13
1540596168978	15
1540596168977	28
1540596168994	14
1540596168992	18
1540596169006	17
1540596169008	16
1540596169010	16
1540596169024	13
1540596169026	18
1540596169024	20
1540596169038	17
1540596169044	16
1540596169045	15
1540596169060	13
1540596169060	14
1540596169058	19
1540596169076	16
1540596169076	17
1540596169077	17
1540596169094	16
1540596169094	17
1540596169094	19
1540596169116	15
1540596169117	16
1540596169116	19
1540596169131	13
1540596169133	11
1540596169135	12
1540596169144	14
1540596169147	12
1540596169144	28
1540596169158	17
1540596169159	17
1540596169172	17
1540596169176	17
1540596169176	17
1540596169189	17
1540596169198	19
1540596169206	13
1540596169199	26
1540596169217	13
1540596169221	13
1540596169225	13
1540596169231	34
1540596169239	28
1540596169235	34
1540596169268	17
1540596169269	18
1540596169268	18
1540596169285	17
1540596169287	17
1540596169306	15
1540596169297	26
1540596169306	19
1540596169321	14
1540596169325	13
1540596169324	15
1540596169335	18
1540596169341	12
1540596169342	13
1540596169355	14
1540596169353	19
1540596169353	20
1540596169372	19
1540596169373	19
1540596169369	34
1540596169392	13
1540596169391	16
1540596169405	13
1540596169407	12
1540596169403	17
1540596169418	18
1540596169419	27
1540596169420	28
1540596169436	16
1540596169448	13
1540596169446	17
1540596169452	17
1540596169461	16
1540596169464	17
1540596169469	13
1540596169477	16
1540596169482	13
1540596169481	26
1540596169493	17
1540596169495	16
1540596169507	13
1540596169510	17
1540596169512	16
1540596169520	13
1540596169527	13
1540596169528	18
1540596169533	19
1540596169540	15
1540596169546	14
1540596169552	16
1540596169555	17
1540596169560	13
1540596169568	16
1540596169572	18
1540596169573	18
1540596169584	22
1540596169590	20
1540596169591	28
1540596169607	15
1540596169611	13
1540596169622	22
1540596169643	14
1540596169620	38
1540596169644	18
1540596169658	12
1540596169657	15
1540596169662	19
1540596169670	12
1540596169672	20
1540596169681	15
1540596169683	17
1540596169697	18
1540596169692	40
1540596169700	35
1540596169736	18
1540596169736	18
1540596169715	40
1540596169754	15
1540596169754	15
1540596169755	19
1540596169769	38
1540596169770	41
1540596169774	49
1540596169811	25
1540596169823	17
1540596169807	33
1540596169841	14
1540596169841	15
1540596169836	22
1540596169858	17
1540596169855	20
1540596169875	19
1540596169856	39
1540596169896	13
1540596169875	35
1540596169894	20
1540596169909	16
1540596169910	18
1540596169925	17
1540596169914	28
1540596169928	14
1540596169942	18
1540596169942	21
1540596169942	21
1540596169963	12
1540596169960	16
1540596169976	17
1540596169963	43
1540596169976	34
1540596169993	37
1540596170010	21
1540596170006	36
1540596170032	18
1540596170030	30
1540596170042	38
1540596170060	28
1540596170051	52
1540596170091	29
1540596170080	41
1540596170105	18
1540596170120	14
1540596170121	15
1540596170123	20
1540596170134	15
1540596170136	16
1540596170150	15
1540596170152	14
1540596170143	36
1540596170166	13
1540596170165	15
1540596170180	13
1540596170179	14
1540596170179	15
1540596170193	15
1540596170193	15
1540596170194	14
1540596170208	15
1540596170208	18
1540596170208	28
1540596170223	18
1540596170236	16
1540596170226	30
1540596170256	15
1540596170252	27
1540596170242	38
1540596170271	11
1540596170279	26
1540596170282	31
1540596170280	34
1540596170305	18
1540596170314	12
1540596170313	17
1540596170323	16
1540596170326	19
1540596170340	12
1540596170330	25
1540596170345	15
1540596170352	13
1540596170355	15
1540596170360	16
1540596170371	12
1540596170365	22
1540596170376	11
1540596170383	12
1540596170387	13
1540596170387	15
1540596170395	16
1540596170401	17
1540596170402	16
1540596170412	15
1540596170418	13
1540596170427	16
1540596170418	25
1540596170432	13
1540596170443	12
1540596170443	15
1540596170445	16
1540596170455	13
1540596170459	11
1540596170461	16
1540596170470	12
1540596170468	15
1540596170477	16
1540596170482	16
1540596170483	17
1540596170493	13
1540596170498	16
1540596170500	16
1540596170507	14
1540596170514	26
1540596170516	24
1540596170521	27
1540596170542	15
1540596170542	16
1540596170551	21
1540596170557	15
1540596170558	30
1540596170572	17
1540596170572	30
1540596170588	15
1540596170590	24
1540596170602	15
1540596170614	13
1540596170604	24
1540596170617	17
1540596170628	12
1540596170627	20
1540596170635	19
1540596170641	16
1540596170650	19
1540596170655	14
1540596170657	17
1540596170670	16
1540596170674	15
1540596170669	28
1540596170686	17
1540596170697	18
1540596170689	31
1540596170703	18
1540596170722	12
1540596170721	13
1540596170715	23
1540596170734	14
1540596170738	16
1540596170734	23
1540596170748	16
1540596170757	15
1540596170765	16
1540596170755	27
1540596170772	15
1540596170781	17
1540596170782	17
1540596170787	16
1540596170798	36
1540596170799	35
1540596170803	32
1540596170834	15
1540596170834	18
1540596170835	19
1540596170849	20
1540596170853	17
1540596170854	18
1540596170869	15
1540596170872	18
1540596170870	20
1540596170885	15
1540596170891	18
1540596170890	20
1540596170900	14
1540596170909	13
1540596170914	14
1540596170910	23
1540596170922	18
1540596170929	16
1540596170933	20
1540596170946	16
1540596170941	26
1540596170953	16
1540596170962	16
1540596170967	17
1540596170969	16
1540596170984	16
1540596170985	17
1540596170978	24
1540596171000	13
1540596171002	14
1540596171002	15
1540596171013	13
1540596171016	17
1540596171017	23
1540596171033	16
1540596171026	29
1540596171040	15
1540596171049	24
1540596171055	20
1540596171055	28
1540596171073	12
1540596171083	16
1540596171076	25
1540596171085	23
1540596171099	12
1540596171101	12
1540596171111	12
1540596171108	16
1540596171113	13
1540596171123	17
1540596171124	17
1540596171126	16
1540596171140	16
1540596171141	16
1540596171142	15
1540596171156	19
1540596171157	22
1540596171158	27
1540596171175	12
1540596171179	12
1540596171185	12
1540596171187	12
1540596171191	15
1540596171197	12
1540596171199	15
1540596171206	18
1540596171209	16
1540596171214	15
1540596171225	16
1540596171229	15
1540596171224	23
1540596171241	16
1540596171244	13
1540596171257	14
1540596171257	14
1540596171248	24
1540596171271	12
1540596171272	13
1540596171271	16
1540596171283	16
1540596171285	16
1540596171287	16
1540596171301	16
1540596171303	16
1540596171299	30
1540596171319	12
1540596171318	15
1540596171333	13
1540596171329	18
1540596171332	22
1540596171347	13
1540596171347	14
1540596171354	16
1540596171360	16
1540596171361	21
1540596171370	16
1540596171377	18
1540596171382	15
1540596171386	27
1540596171397	18
1540596171395	27
1540596171413	13
1540596171415	14
1540596171422	12
1540596171426	12
1540596171429	11
1540596171434	12
1540596171441	11
1540596171438	29
1540596171452	16
1540596171446	27
1540596171468	15
1540596171467	19
1540596171483	15
1540596171473	27
1540596171486	17
1540596171498	12
1540596171503	14
1540596171510	11
1540596171500	22
1540596171517	14
1540596171522	12
1540596171521	14
1540596171534	11
1540596171535	15
1540596171531	27
1540596171545	14
1540596171550	15
1540596171565	11
1540596171558	24
1540596171559	26
1540596171577	11
1540596171582	14
1540596171585	15
1540596171596	11
1540596171588	26
1540596171600	22
1540596171614	16
1540596171607	26
1540596171622	25
1540596171633	16
1540596171630	27
1540596171647	18
1540596171649	16
1540596171657	13
1540596171665	17
1540596171665	18
1540596171670	22
1540596171683	13
1540596171682	18
1540596171692	16
1540596171696	14
1540596171700	13
1540596171708	16
1540596171713	14
1540596171710	27
1540596171724	17
1540596171727	20
1540596171741	11
1540596171737	16
1540596171747	17
1540596171752	15
1540596171753	16
1540596171764	17
1540596171767	15
1540596171769	21
1540596171781	14
1540596171791	12
1540596171782	26
1540596171795	21
1540596171803	15
1540596171808	15
1540596171816	16
1540596171818	16
1540596171823	13
1540596171832	16
1540596171836	12
1540596171834	17
1540596171851	11
1540596171848	16
1540596171848	18
1540596171862	12
1540596171864	12
1540596171866	16
1540596171876	12
1540596171874	16
1540596171888	16
1540596171890	15
1540596171882	24
1540596171906	12
1540596171904	15
1540596171905	16
1540596171918	12
1540596171919	25
1540596171921	27
1540596171944	12
1540596171930	31
1540596171956	13
1540596171948	22
1540596171961	24
1540596171970	24
1540596171969	27
1540596171985	14
1540596171999	11
1540596171996	17
1540596171994	25
1540596172010	12
1540596172013	15
1540596172019	15
1540596172022	13
1540596172029	11
1540596172035	15
1540596172040	12
1540596172034	22
1540596172050	14
1540596172052	15
1540596172056	12
1540596172064	11
1540596172068	16
1540596172075	11
1540596172067	27
1540596172084	15
1540596172086	15
1540596172094	16
1540596172101	16
1540596172099	20
1540596172119	15
1540596172111	26
1540596172134	13
1540596172118	30
1540596172137	13
1540596172148	11
1540596172147	17
1540596172150	43
1540596172160	33
1540596172164	34
1540596172195	19
1540596172198	17
1540596172195	21
1540596172214	18
1540596172216	30
1540596172216	32
1540596172232	25
1540596172246	14
1540596172257	17
1540596172248	29
1540596172260	21
1540596172274	19
1540596172277	24
1540596172281	38
1540596172293	33
1540596172301	28
1540596172326	25
1540596172319	34
1540596172330	35
1540596172353	15
1540596172351	30
1540596172368	13
1540596172366	19
1540596172381	12
1540596172381	15
1540596172386	15
1540596172393	16
1540596172396	16
1540596172409	15
1540596172402	25
1540596172424	15
1540596172412	28
1540596172427	14
1540596172439	11
1540596172440	13
1540596172441	19
1540596172450	11
1540596172461	15
1540596172453	26
1540596172460	20
1540596172481	18
1540596172477	25
1540596172479	25
1540596172502	15
1540596172499	24
1540596172505	24
1540596172518	23
1540596172523	21
1540596172541	12
1540596172529	25
1540596172544	14
1540596172558	15
1540596172554	23
1540596172553	28
1540596172573	15
1540596172577	13
1540596172581	18
1540596172588	12
1540596172590	16
1540596172602	12
1540596172601	17
1540596172606	15
1540596172614	14
1540596172621	16
1540596172618	23
1540596172628	15
1540596172641	14
1540596172643	15
1540596172637	22
1540596172658	11
1540596172659	11
1540596172655	17
1540596172669	11
1540596172675	18
1540596172680	14
1540596172670	26
1540596172693	16
1540596172694	15
1540596172696	23
1540596172709	13
1540596172709	15
1540596172719	14
1540596172722	12
1540596172724	11
1540596172733	11
1540596172735	11
1540596172735	24
1540596172744	22
1540596172746	26
1540596172759	15
1540596172766	15
1540596172773	17
1540596172774	16
1540596172781	15
1540596172790	16
1540596172796	16
1540596172791	22
1540596172806	14
1540596172812	13
1540596172820	13
1540596172813	24
1540596172825	14
1540596172833	18
1540596172837	17
1540596172839	16
1540596172856	18
1540596172851	26
1540596172854	32
1540596172874	15
1540596172877	15
1540596172889	11
1540596172886	16
1540596172892	14
1540596172901	11
1540596172902	12
1540596172907	13
1540596172912	17
1540596172920	17
1540596172914	23
1540596172929	16
1540596172937	17
1540596172937	20
1540596172945	15
1540596172955	19
1540596172957	18
1540596172960	22
1540596172974	12
1540596172975	16
1540596172982	12
1540596172986	11
1540596172991	13
1540596172994	15
1540596172997	16
1540596173004	13
1540596173009	15
1540596173017	18
1540596173013	24
1540596173024	15
1540596173039	11
1540596173035	17
1540596173037	23
1540596173052	17
1540596173060	11
1540596173051	21
1540596173072	15
1540596173069	23
1540596173071	23
1540596173087	15
1540596173092	16
1540596173095	16
1540596173102	18
1540596173109	17
1540596173111	16
1540596173120	12
1540596173126	16
1540596173127	16
1540596173132	12
1540596173143	13
1540596173144	16
1540596173142	20
1540596173156	17
1540596173162	12
1540596173160	29
1540596173173	16
1540596173174	23
1540596173189	16
1540596173197	16
1540596173189	27
1540596173205	16
1540596173213	19
1540596173216	17
1540596173222	14
1540596173233	12
1540596173232	15
1540596173240	16
1540596173247	13
1540596173246	15
1540596173256	16
1540596173261	12
1540596173261	17
1540596173273	17
1540596173273	18
1540596173278	17
1540596173290	16
1540596173295	18
1540596173291	23
1540596173306	16
1540596173313	20
1540596173314	19
1540596173322	13
1540596173335	14
1540596173333	40
1540596173333	55
1540596173373	17
1540596173349	42
1540596173388	18
1540596173391	17
1540596173390	27
1540596173407	16
1540596173417	17
1540596173408	28
1540596173423	14
1540596173434	14
1540596173436	13
1540596173437	13
1540596173448	13
1540596173449	16
1540596173450	17
1540596173461	16
1540596173465	15
1540596173467	17
1540596173477	16
1540596173480	15
1540596173484	17
1540596173493	16
1540596173496	15
1540596173509	12
1540596173511	13
1540596173501	25
1540596173524	12
1540596173522	21
1540596173526	19
1540596173543	15
1540596173545	15
1540596173536	27
1540596173558	18
1540596173560	17
1540596173563	29
1540596173576	17
1540596173577	17
1540596173594	10
1540596173592	15
1540596173593	22
1540596173607	11
1540596173604	24
1540596173618	17
1540596173616	22
1540596173628	16
1540596173635	17
1540596173638	16
1540596173644	17
1540596173652	16
1540596173654	15
1540596173661	16
1540596173668	16
1540596173669	17
1540596173685	12
1540596173677	23
1540596173686	16
1540596173697	16
1540596173702	12
1540596173700	23
1540596173714	16
1540596173713	19
1540596173723	16
1540596173730	16
1540596173732	15
1540596173739	13
1540596173746	15
1540596173747	16
1540596173752	14
1540596173761	11
1540596173763	12
1540596173772	13
1540596173766	23
1540596173775	22
1540596173789	13
1540596173785	26
1540596173802	15
1540596173797	28
1540596173818	17
1540596173811	25
1540596173825	24
1540596173835	19
1540596173836	19
1540596173849	14
1540596173854	12
1540596173855	15
1540596173863	11
1540596173866	13
1540596173870	22
1540596173874	21
1540596173879	25
1540596173892	14
1540596173895	15
1540596173904	14
1540596173906	13
1540596173919	15
1540596173910	27
1540596173918	24
1540596173934	10
1540596173938	16
1540596173942	12
1540596173945	10
1540596173954	12
1540596173954	13
1540596173955	15
1540596173966	15
1540596173967	15
1540596173970	17
1540596173981	15
1540596173987	14
1540596173982	26
1540596174001	13
1540596173996	18
1540596174008	15
1540596174014	17
1540596174014	18
1540596174023	16
1540596174032	15
1540596174039	11
1540596174031	22
1540596174047	15
1540596174050	14
1540596174053	17
1540596174064	15
1540596174070	15
1540596174062	27
1540596174079	15
1540596174085	14
1540596174089	12
1540596174094	17
1540596174099	13
1540596174101	11
1540596174111	12
1540596174112	12
1540596174112	15
1540596174124	13
1540596174124	17
1540596174127	16
1540596174137	18
1540596174141	17
1540596174143	16
1540596174155	15
1540596174159	12
1540596174158	16
1540596174171	12
1540596174170	16
1540596174174	13
1540596174187	22
1540596174186	24
1540596174183	37
1540596174210	12
1540596174209	16
1540596174220	16
1540596174222	17
1540596174236	19
1540596174225	31
1540596174239	22
1540596174255	13
1540596174261	16
1540596174268	12
1540596174256	28
1540596174277	14
1540596174280	19
1540596174284	17
1540596174291	12
1540596174301	13
1540596174299	18
1540596174303	17
1540596174315	19
1540596174317	29
1540596174320	29
1540596174335	24
1540596174346	16
1540596174349	17
1540596174362	15
1540596174366	17
1540596174359	29
1540596174377	18
1540596174383	12
1540596174395	17
1540596174388	28
1540596174395	22
1540596174417	18
1540596174412	27
1540596174417	23
1540596174439	30
1540596174436	33
1540596174440	36
1540596174469	14
1540596174469	14
1540596174476	18
1540596174483	13
1540596174483	16
1540596174494	20
1540596174496	33
1540596174514	16
1540596174499	41
1540596174530	28
1540596174529	42
1540596174540	33
1540596174558	16
1540596174573	14
1540596174571	18
1540596174574	32
1540596174587	22
1540596174589	29
1540596174618	12
1540596174606	34
1540596174609	33
1540596174642	19
1540596174630	33
1540596174641	28
1540596174661	28
1540596174663	32
1540596174669	32
1540596174689	33
1540596174695	31
1540596174701	27
1540596174722	12
1540596174726	11
1540596174728	14
1540596174734	15
1540596174742	14
1540596174737	22
1540596174749	16
1540596174756	11
1540596174759	15
1540596174768	11
1540596174765	19
1540596174774	16
1540596174779	14
1540596174784	12
1540596174790	17
1540596174793	15
1540596174796	13
1540596174807	12
1540596174808	15
1540596174809	15
1540596174819	13
1540596174823	13
1540596174824	17
1540596174832	16
1540596174839	13
1540596174841	16
1540596174848	17
1540596174852	14
1540596174857	13
1540596174865	17
1540596174870	12
1540596174866	17
1540596174882	12
1540596174883	15
1540596174882	17
1540596174894	12
1540596174898	11
1540596174899	16
1540596174909	11
1540596174906	15
1540596174915	15
1540596174920	16
1540596174930	12
1540596174921	28
1540596174936	16
1540596174942	12
1540596174949	15
1540596174952	14
1540596174964	13
1540596174954	27
1540596174966	26
1540596174981	16
1540596174977	23
1540596174992	12
1540596175000	18
1540596174997	22
1540596175004	17
1540596175019	16
1540596175018	17
1540596175021	26
1540596175035	13
1540596175035	18
1540596175053	12
1540596175047	19
1540596175048	18
1540596175066	15
1540596175066	22
1540596175066	29
1540596175081	16
1540596175088	12
1540596175095	18
1540596175097	17
1540596175100	16
1540596175113	13
1540596175114	17
1540596175116	17
1540596175131	16
1540596175133	17
1540596175126	25
1540596175147	13
1540596175150	12
1540596175151	24
1540596175160	25
1540596175162	24
1540596175185	15
1540596175186	16
1540596175176	31
1540596175207	18
1540596175202	26
1540596175200	29
1540596175229	15
1540596175225	23
1540596175228	25
1540596175248	12
1540596175253	12
1540596175245	21
1540596175260	15
1540596175265	12
1540596175277	15
1540596175266	27
1540596175275	26
1540596175301	15
1540596175292	27
1540596175293	28
1540596175319	18
1540596175321	22
1540596175316	29
1540596175341	15
1540596175344	15
1540596175345	13
1540596175359	16
1540596175359	20
1540596175362	21
1540596175375	26
1540596175379	29
1540596175383	26
1540596175401	16
1540596175408	15
1540596175409	16
1540596175417	15
1540596175423	21
1540596175425	32
1540596175432	37
1540596175457	14
1540596175458	15
1540596175469	15
1540596175473	15
1540596175472	31
1540596175488	16
1540596175484	35
1540596175504	36
1540596175504	37
1540596175540	13
1540596175519	38
1540596175541	18
1540596175553	14
1540596175557	20
1540596175559	20
1540596175579	21
1540596175577	23
1540596175567	36
1540596175600	13
1540596175600	14
1540596175614	17
1540596175613	19
1540596175603	38
1540596175631	17
1540596175632	18
1540596175641	15
1540596175650	16
1540596175648	32
1540596175656	25
1540596175666	15
1540596175681	15
1540596175681	16
1540596175680	25
1540596175696	15
1540596175697	15
1540596175705	14
1540596175711	14
1540596175712	15
1540596175719	17
1540596175725	15
1540596175727	34
1540596175761	14
1540596175740	37
1540596175736	41
1540596175777	12
1540596175777	16
1540596175775	23
1540596175793	13
1540596175789	28
1540596175798	26
1540596175806	22
1540596175817	15
1540596175824	15
1540596175832	17
1540596175829	24
1540596175839	17
1540596175849	14
1540596175853	15
1540596175856	14
1540596175863	14
1540596175870	12
1540596175868	24
1540596175877	18
1540596175882	16
1540596175892	21
1540596175898	16
1540596175895	31
1540596175913	14
1540596175914	15
1540596175929	12
1540596175926	16
1540596175941	13
1540596175927	28
1540596175942	26
1540596175954	16
1540596175955	16
1540596175968	15
1540596175970	16
1540596175971	17
1540596175983	24
1540596175988	24
1540596175986	31
1540596176008	24
1540596176017	15
1540596176012	22
1540596176033	13
1540596176032	15
1540596176047	13
1540596176034	29
1540596176047	30
1540596176063	17
1540596176060	23
1540596176077	18
1540596176080	18
1540596176083	16
1540596176098	13
1540596176095	18
1540596176099	17
1540596176113	13
1540596176116	15
1540596176111	24
1540596176126	14
1540596176131	14
1540596176135	16
1540596176145	14
1540596176140	23
1540596176151	16
1540596176163	15
1540596176159	28
1540596176167	29
1540596176178	19
1540596176187	20
1540596176198	13
1540596176198	14
1540596176211	11
1540596176207	18
1540596176212	20
1540596176225	14
1540596176232	14
1540596176222	26
1540596176239	13
1540596176246	14
1540596176248	14
1540596176252	17
1540596176260	18
1540596176262	18
1540596176269	16
1540596176280	20
1540596176278	23
1540596176285	17
1540596176300	12
1540596176302	14
1540596176302	22
1540596176316	13
1540596176312	29
1540596176324	18
1540596176329	19
1540596176342	15
1540596176341	18
1540596176348	19
1540596176357	15
1540596176359	17
1540596176367	17
1540596176376	14
1540596176373	22
1540596176384	14
1540596176390	13
1540596176395	12
1540596176398	15
1540596176403	17
1540596176407	15
1540596176413	17
1540596176420	19
1540596176422	18
1540596176430	18
1540596176440	16
1540596176439	18
1540596176448	17
1540596176456	12
1540596176457	13
1540596176465	14
1540596176468	12
1540596176470	12
1540596176479	14
1540596176482	35
1540596176480	37
1540596176493	24
1540596176517	27
1540596176517	29
1540596176517	35
1540596176544	15
1540596176546	17
1540596176552	16
1540596176559	11
1540596176563	16
1540596176568	15
1540596176570	14
1540596176579	14
1540596176583	14
1540596176584	15
1540596176593	17
1540596176597	15
1540596176599	14
1540596176610	18
1540596176613	15
1540596176612	18
1540596176628	14
1540596176628	29
1540596176631	28
1540596176642	18
1540596176657	26
1540596176660	38
1540596176659	41
1540596176683	18
1540596176699	25
1540596176700	24
1540596176701	35
1540596176724	14
1540596176725	16
1540596176736	21
1540596176742	17
1540596176738	29
1540596176757	17
1540596176759	16
1540596176768	13
1540596176774	12
1540596176775	13
1540596176781	17
1540596176786	14
1540596176789	13
1540596176798	15
1540596176800	16
1540596176802	16
1540596176813	16
1540596176816	15
1540596176818	16
1540596176829	13
1540596176831	17
1540596176834	15
1540596176849	14
1540596176849	15
1540596176842	24
1540596176864	13
1540596176863	14
1540596176866	16
1540596176877	17
1540596176877	18
1540596176882	18
1540596176894	15
1540596176895	19
1540596176900	18
1540596176909	17
1540596176914	16
1540596176918	13
1540596176926	12
1540596176931	13
1540596176930	14
1540596176938	12
1540596176944	13
1540596176944	16
1540596176951	15
1540596176960	18
1540596176966	14
1540596176957	26
1540596176978	16
1540596176980	16
1540596176983	18
1540596176994	13
1540596176996	11
1540596177001	17
1540596177007	12
1540596177007	12
1540596177018	13
1540596177019	16
1540596177019	17
1540596177031	13
1540596177035	15
1540596177036	15
1540596177044	16
1540596177050	16
1540596177060	16
1540596177066	12
1540596177051	28
1540596177078	13
1540596177076	16
1540596177079	21
1540596177092	13
1540596177101	12
1540596177091	25
1540596177105	13
1540596177113	15
1540596177116	16
1540596177118	16
1540596177128	15
1540596177132	15
1540596177134	16
1540596177143	15
1540596177148	12
1540596177150	16
1540596177158	13
1540596177160	13
1540596177166	13
1540596177179	12
1540596177171	24
1540596177174	27
1540596177195	17
1540596177201	16
1540596177192	27
1540596177217	15
1540596177219	16
1540596177212	28
1540596177232	12
1540596177235	15
1540596177244	11
1540596177240	16
1540596177250	16
1540596177256	14
1540596177255	18
1540596177266	11
1540596177270	12
1540596177273	16
1540596177277	15
1540596177282	15
1540596177290	16
1540596177297	15
1540596177306	13
1540596177292	27
1540596177312	16
1540596177319	21
1540596177319	27
1540596177328	23
1540596177346	16
1540596177351	12
1540596177340	30
1540596177362	12
1540596177370	15
1540596177364	26
1540596177385	15
1540596177374	28
1540596177390	16
1540596177400	12
1540596177402	17
1540596177406	16
1540596177412	21
1540596177419	17
1540596177422	25
1540596177436	13
1540596177447	14
1540596177433	29
1540596177449	25
1540596177462	16
1540596177461	28
1540596177474	16
1540596177478	16
1540596177489	15
1540596177490	16
1540596177494	15
1540596177504	25
1540596177509	22
1540596177506	25
1540596177529	11
1540596177531	15
1540596177540	11
1540596177531	24
1540596177546	15
1540596177551	14
1540596177555	12
1540596177562	15
1540596177565	14
1540596177567	16
1540596177577	12
1540596177579	14
1540596177589	12
1540596177593	10
1540596177583	27
1540596177603	11
1540596177601	30
1540596177615	17
1540596177610	28
1540596177632	14
1540596177631	25
1540596177646	14
1540596177639	23
1540596177656	15
1540596177662	13
1540596177671	12
1540596177660	24
1540596177675	15
1540596177684	12
1540596177684	13
1540596177690	17
1540596177696	15
1540596177697	16
1540596177707	16
1540596177713	16
1540596177711	24
1540596177723	13
1540596177729	17
1540596177736	13
1540596177735	28
1540596177749	15
1540596177746	25
1540596177763	12
1540596177764	16
1540596177771	13
1540596177775	13
1540596177780	16
1540596177784	17
1540596177788	15
1540596177797	13
1540596177801	17
1540596177804	15
1540596177810	20
1540596177818	17
1540596177819	17
1540596177830	14
1540596177835	14
1540596177836	15
1540596177844	14
1540596177850	19
1540596177851	19
1540596177859	14
1540596177873	11
1540596177869	17
1540596177870	25
1540596177884	11
1540596177886	17
1540596177896	14
1540596177895	17
1540596177912	15
1540596177912	16
1540596177903	28
1540596177929	12
1540596177927	15
1540596177931	13
1540596177942	10
1540596177941	13
1540596177945	13
1540596177953	10
1540596177954	17
1540596177958	17
1540596177963	15
1540596177971	16
1540596177975	17
1540596177986	15
1540596177987	15
1540596177993	19
1540596178002	12
1540596178001	14
1540596178015	11
1540596178014	12
1540596178012	16
1540596178026	13
1540596178028	13
1540596178026	28
1540596178039	16
1540596178041	18
1540596178055	16
1540596178059	16
1540596178054	27
1540596178075	17
1540596178071	27
1540596178092	14
1540596178081	26
1540596178107	12
1540596178106	14
1540596178098	23
1540596178119	11
1540596178121	12
1540596178120	27
1540596178133	15
1540596178130	25
1540596178147	16
1540596178148	16
1540596178155	15
1540596178163	16
1540596178164	16
1540596178170	16
1540596178180	12
1540596178179	14
1540596178186	12
1540596178193	13
1540596178198	11
1540596178193	23
1540596178206	16
1540596178209	15
1540596178216	16
1540596178222	16
1540596178225	24
1540596178232	20
1540596178238	16
1540596178249	16
1540596178254	13
1540596178252	17
1540596178265	11
1540596178267	13
1540596178270	16
1540596178276	11
1540596178280	17
1540596178286	12
1540596178288	13
1540596178297	21
1540596178298	20
1540596178302	16
1540596178318	18
1540596178318	20
1540596178318	27
1540596178345	13
1540596178336	26
1540596178338	28
1540596178358	12
1540596178362	12
1540596178367	14
1540596178370	16
1540596178374	14
1540596178381	13
1540596178386	16
1540596178388	15
1540596178394	16
1540596178403	15
1540596178402	18
1540596178410	16
1540596178418	12
1540596178420	11
1540596178430	11
1540596178426	16
1540596178432	11
1540596178442	13
1540596178441	15
1540596178444	15
1540596178461	16
1540596178461	28
1540596178462	30
1540596178477	17
1540596178489	15
1540596178494	11
1540596178492	15
1540596178506	11
1540596178504	15
1540596178508	12
1540596178517	14
1540596178520	13
1540596178519	16
1540596178531	15
1540596178533	17
1540596178535	25
1540596178546	15
1540596178550	15
1540596178561	11
1540596178560	13
1540596178565	16
1540596178573	17
1540596178581	13
1540596178572	24
1540596178590	17
1540596178596	16
1540596178594	21
1540596178607	17
1540596178612	16
1540596178615	15
1540596178628	16
1540596178630	15
1540596178624	24
1540596178644	13
1540596178648	13
1540596178645	28
1540596178661	16
1540596178657	21
1540596178673	13
1540596178678	15
1540596178686	13
1540596178678	28
1540596178693	18
1540596178699	16
1540596178706	17
1540596178711	12
1540596178723	15
1540596178715	27
1540596178723	19
1540596178738	17
1540596178742	15
1540596178742	20
1540596178757	13
1540596178755	16
1540596178762	11
1540596178770	12
1540596178771	16
1540596178773	15
1540596178782	15
1540596178787	15
1540596178797	15
1540596178788	25
1540596178802	24
1540596178812	16
1540596178828	12
1540596178813	27
1540596178826	16
1540596178840	13
1540596178840	15
1540596178842	17
1540596178856	13
1540596178853	20
1540596178859	19
1540596178869	17
1540596178873	18
1540596178878	14
1540596178886	17
1540596178892	14
1540596178903	16
1540596178891	28
1540596178906	18
1540596178919	14
1540596178919	15
1540596178933	13
1540596178934	13
1540596178924	24
1540596178946	15
1540596178947	15
1540596178949	14
1540596178963	12
1540596178961	15
1540596178962	17
1540596178975	11
1540596178976	15
1540596178979	15
1540596178991	12
1540596178986	17
1540596178994	13
1540596179003	12
1540596179003	16
1540596179007	12
1540596179015	16
1540596179019	18
1540596179031	15
1540596179019	28
1540596179037	16
1540596179047	13
1540596179046	15
1540596179053	17
1540596179061	12
1540596179071	12
1540596179073	12
1540596179060	26
1540596179083	15
1540596179085	16
1540596179086	18
1540596179098	17
1540596179104	19
1540596179101	28
1540596179115	15
1540596179123	17
1540596179129	16
1540596179140	13
1540596179130	25
1540596179145	13
1540596179153	14
1540596179158	12
1540596179155	21
1540596179167	17
1540596179170	15
1540596179176	12
1540596179185	16
1540596179188	15
1540596179184	28
1540596179201	16
1540596179203	16
1540596179217	13
1540596179212	26
1540596179230	13
1540596179219	26
1540596179245	13
1540596179238	20
1540596179243	17
1540596179258	11
1540596179258	12
1540596179260	23
1540596179269	24
1540596179270	25
1540596179293	14
1540596179283	25
1540596179295	16
1540596179307	16
1540596179311	18
1540596179308	23
1540596179323	10
1540596179333	33
1540596179329	37
1540596179331	36
1540596179366	12
1540596179366	15
1540596179367	17
1540596179378	18
1540596179383	16
1540596179384	16
1540596179396	16
1540596179399	16
1540596179400	21
1540596179412	15
1540596179415	17
1540596179421	13
1540596179427	12
1540596179432	13
1540596179439	12
1540596179434	28
1540596179451	16
1540596179445	30
1540596179462	17
1540596179467	21
1540596179475	16
1540596179479	34
1540596179492	22
1540596179514	19
1540596179488	45
1540596179514	20
1540596179533	14
1540596179533	14
1540596179534	14
1540596179547	13
1540596179548	13
1540596179547	15
1540596179560	16
1540596179561	16
1540596179562	17
1540596179577	16
1540596179579	27
1540596179578	28
1540596179593	56
1540596179689	11
1540596179689	12
1540596179689	15
1540596179701	11
1540596179700	13
1540596179705	11
1540596179712	16
1540596179717	11
1540596179713	16
1540596179728	15
1540596179728	16
1540596179729	15
1540596179743	15
1540596179744	16
1540596179744	17
1540596179758	11
1540596179760	13
1540596179761	16
1540596179769	12
1540596179773	13
1540596179777	12
1540596179781	15
1540596179786	15
1540596179789	12
1540596179796	14
1540596179801	16
1540596179801	17
1540596179810	14
1540596179817	15
1540596179818	15
1540596179832	12
1540596179825	20
1540596179834	15
1540596179845	12
1540596179844	13
1540596179849	20
1540596179858	14
1540596179857	18
1540596179869	11
1540596179875	15
1540596179880	13
1540596179872	26
1540596179893	15
1540596179890	23
1540596179898	17
1540596179908	14
1540596179913	11
1540596179915	13
1540596179922	10
1540596179924	10
1540596179928	12
1540596179934	14
1540596179933	22
1540596179940	16
1540596179948	14
1540596179956	16
1540596179962	15
1540596179956	24
1540596179972	17
1540596179977	13
1540596179980	24
1540596179990	14
1540596179989	17
1540596180006	42
1540596180004	45
1540596180049	17
1540596180004	63
1540596180048	47
1540596180067	40
1540596180066	42
1540596180095	22
1540596180108	14
1540596180107	17
1540596180118	15
1540596180122	14
1540596180124	12
1540596180136	11
1540596180136	13
1540596180133	17
1540596180147	14
1540596180150	12
1540596180149	13
1540596180162	14
1540596180161	15
1540596180163	16
1540596180176	16
1540596180179	16
1540596180176	24
1540596180192	16
1540596180195	16
1540596180200	11
1540596180211	12
1540596180211	12
1540596180208	16
1540596180223	12
1540596180223	14
1540596180224	27
1540596180235	16
1540596180238	15
1540596180251	12
1540596180251	17
1540596180253	15
1540596180263	15
1540596180269	10
1540596180268	17
1540596180278	16
1540596180285	13
1540596180279	25
1540596180294	15
1540596180298	21
1540596180309	11
1540596180304	17
1540596180320	12
1540596180319	15
1540596180321	17
1540596180334	16
1540596180338	18
1540596180332	28
1540596180350	15
1540596180356	14
1540596180365	12
1540596180360	17
1540596180370	13
1540596180377	13
1540596180377	15
1540596180383	17
1540596180392	11
1540596180391	15
1540596180403	12
1540596180400	19
1540596180406	16
1540596180415	14
1540596180422	17
1540596180429	15
1540596180419	27
1540596180439	13
1540596180444	14
1540596180446	13
1540596180452	13
1540596180458	11
1540596180459	13
1540596180469	11
1540596180465	16
1540596180472	16
1540596180488	17
1540596180481	33
1540596180481	34
1540596180514	16
1540596180505	30
1540596180515	20
1540596180530	13
1540596180538	12
1540596180538	16
1540596180543	17
1540596180550	14
1540596180554	12
1540596180560	16
1540596180566	11
1540596180564	16
1540596180576	15
1540596180577	15
1540596180580	15
1540596180591	17
1540596180592	16
1540596180595	17
1540596180608	13
1540596180608	15
1540596180612	22
1540596180623	11
1540596180621	13
1540596180634	12
1540596180634	13
1540596180634	15
1540596180647	15
1540596180646	16
1540596180649	16
1540596180662	15
1540596180662	16
1540596180665	15
1540596180680	11
1540596180677	17
1540596180678	17
1540596180691	12
1540596180694	12
1540596180695	12
1540596180703	15
1540596180706	13
1540596180707	13
1540596180718	15
1540596180719	17
1540596180720	17
1540596180733	25
1540596180736	23
1540596180737	27
1540596180758	13
1540596180765	16
1540596180771	12
1540596180759	27
1540596180781	13
1540596180783	15
1540596180786	12
1540596180798	12
1540596180798	16
1540596180795	21
1540596180810	17
1540596180814	15
1540596180816	14
1540596180829	13
1540596180827	16
1540596180830	17
1540596180842	13
1540596180843	16
1540596180847	14
1540596180859	12
1540596180862	11
1540596180855	29
1540596180871	14
1540596180873	16
1540596180884	16
1540596180885	18
1540596180889	25
1540596180900	15
1540596180914	16
1540596180903	29
1540596180916	23
1540596180930	15
1540596180932	16
1540596180945	12
1540596180939	19
1540596180957	13
1540596180948	23
1540596180958	14
1540596180971	12
1540596180970	15
1540596180972	15
1540596180983	15
1540596180987	14
1540596180985	26
1540596181001	11
1540596180998	15
1540596181012	10
1540596181011	14
1540596181013	14
1540596181022	15
1540596181025	12
1540596181027	21
1540596181037	15
1540596181048	14
1540596181038	24
1540596181052	14
1540596181062	15
1540596181066	11
1540596181062	19
1540596181077	17
1540596181077	21
1540596181081	28
1540596181094	24
1540596181098	25
1540596181118	15
1540596181109	27
1540596181133	24
1540596181136	25
1540596181123	38
1540596181183	18
1540596181184	19
1540596181182	21
1540596181203	27
1540596181203	30
1540596181201	45
1540596181233	19
1540596181230	22
1540596181252	23
1540596181252	27
1540596181246	41
1540596181275	25
1540596181287	17
1540596181279	25
1540596181300	13
1540596181304	12
1540596181304	23
1540596181313	17
1540596181316	23
1540596181327	16
1540596181330	18
1540596181339	15
1540596181343	15
1540596181354	17
1540596181348	29
1540596181358	19
1540596181371	17
1540596181377	13
1540596181377	17
1540596181388	13
1540596181390	13
1540596181394	12
1540596181401	14
1540596181403	16
1540596181415	15
1540596181406	24
1540596181419	14
1540596181430	15
1540596181430	22
1540596181433	19
1540596181452	18
1540596181452	22
1540596181445	31
1540596181470	12
1540596181476	13
1540596181474	16
1540596181482	16
1540596181489	13
1540596181490	23
1540596181498	16
1540596181502	17
1540596181513	13
1540596181514	17
1540596181519	25
1540596181526	24
1540596181531	21
1540596181544	26
1540596181550	25
1540596181553	26
1540596181570	12
1540596181579	19
1540596181582	23
1540596181575	33
1540596181598	16
1540596181608	13
1540596181606	26
1540596181621	13
1540596181614	26
1540596181634	16
1540596181640	11
1540596181632	23
1540596181651	13
1540596181650	16
1540596181655	15
1540596181664	16
1540596181670	11
1540596181666	25
1540596181681	11
1540596181680	16
1540596181691	12
1540596181692	17
1540596181696	18
1540596181703	12
1540596181709	16
1540596181714	15
1540596181725	15
1540596181715	25
1540596181740	12
1540596181729	24
1540596181752	11
1540596181740	29
1540596181753	17
1540596181763	16
1540596181769	16
1540596181779	14
1540596181770	26
1540596181785	13
1540596181793	15
1540596181796	15
1540596181798	13
1540596181808	11
1540596181811	12
1540596181819	12
1540596181823	12
1540596181811	28
1540596181835	15
1540596181839	16
1540596181831	25
1540596181855	17
1540596181856	24
1540596181850	33
1540596181873	16
1540596181883	22
1540596181883	30
1540596181889	25
1540596181905	14
1540596181913	14
1540596181914	18
1540596181927	13
1540596181919	24
1540596181940	16
1540596181932	26
1540596181945	30
1540596181956	29
1540596181958	29
1540596181975	28
1540596181985	19
1540596181987	25
1540596182004	13
1540596182003	17
1540596182012	14
1540596182017	21
1540596182026	17
1540596182020	23
1540596182038	15
1540596182043	17
1540596182043	24
1540596182053	15
1540596182060	17
1540596182068	15
1540596182067	18
1540596182077	14
1540596182083	12
1540596182085	16
1540596182095	10
1540596182091	25
1540596182101	16
1540596182105	14
1540596182119	14
1540596182116	17
1540596182117	23
1540596182133	17
1540596182140	13
1540596182133	25
1540596182150	17
1540596182153	16
1540596182158	12
1540596182167	14
1540596182169	16
1540596182170	23
1540596182181	13
1540596182185	17
1540596182193	16
1540596182194	18
1540596182202	13
1540596182215	13
1540596182212	16
1540596182209	29
1540596182228	17
1540596182228	27
1540596182238	18
1540596182245	14
1540596182255	15
1540596182259	13
1540596182256	22
1540596182272	18
1540596182278	13
1540596182270	27
1540596182290	17
1540596182297	12
1540596182291	25
1540596182309	13
1540596182307	18
1540596182316	14
1540596182325	13
1540596182322	17
1540596182330	15
1540596182346	11
1540596182338	20
1540596182339	27
1540596182357	12
1540596182358	15
1540596182366	17
1540596182369	16
1540596182373	15
1540596182383	14
1540596182385	16
1540596182388	18
1540596182401	16
1540596182406	19
1540596182397	29
1540596182417	18
1540596182425	16
1540596182426	19
1540596182435	18
1540596182441	15
1540596182445	25
1540596182456	17
1540596182453	27
1540596182473	14
1540596182480	14
1540596182470	26
1540596182487	10
1540596182496	12
1540596182497	12
1540596182494	15
1540596182509	14
1540596182508	22
1540596182509	26
1540596182523	15
1540596182530	15
1540596182538	15
1540596182535	22
1540596182553	11
1540596182545	28
1540596182557	16
1540596182564	20
1540596182573	17
1540596182584	14
1540596182573	29
1540596182590	17
1540596182598	15
1540596182602	12
1540596182607	13
1540596182614	14
1540596182613	16
1540596182620	13
1540596182629	11
1540596182633	17
1540596182640	11
1540596182628	26
1540596182650	20
1540596182654	17
1540596182651	26
1540596182670	27
1540596182671	26
1540596182677	27
1540596182697	15
1540596182697	16
1540596182704	15
1540596182712	13
1540596182713	13
1540596182719	11
1540596182725	16
1540596182726	17
1540596182730	23
1540596182741	16
1540596182743	18
1540596182753	16
1540596182757	16
1540596182762	17
1540596182769	16
1540596182773	13
1540596182780	15
1540596182786	14
1540596182785	16
1540596182796	16
1540596182802	13
1540596182800	18
1540596182815	15
1540596182812	19
1540596182819	17
1540596182831	18
1540596182832	19
1540596182836	17
1540596182879	14
1540596182878	20
1540596182878	20
1540596182893	12
1540596182898	13
1540596182898	16
1540596182906	17
1540596182912	13
1540596182914	14
1540596182923	17
1540596182925	16
1540596182931	15
1540596182940	17
1540596182941	26
1540596182946	24
1540596182957	24
1540596182970	28
1540596182967	34
1540596182981	24
1540596183001	13
1540596183005	16
1540596182999	25
1540596183014	12
1540596183024	12
1540596183021	16
1540596183026	17
1540596183037	16
1540596183036	19
1540596183043	16
1540596183053	12
1540596183055	14
1540596183059	16
1540596183065	14
1540596183075	14
1540596183069	23
1540596183079	24
1540596183089	23
1540596183092	32
1540596183103	29
1540596183112	28
1540596183124	18
1540596183142	14
1540596183132	30
1540596183140	25
1540596183156	16
1540596183165	14
1540596183162	22
1540596183179	11
1540596183185	11
1540596183172	27
1540596183190	11
1540596183199	16
1540596183201	15
1540596183196	27
1540596183215	15
1540596183216	15
1540596183223	16
1540596183230	12
1540596183239	16
1540596183231	27
1540596183242	25
1540596183255	13
1540596183268	14
1540596183258	24
1540596183268	15
1540596183282	13
1540596183282	17
1540596183283	27
1540596183295	17
1540596183299	16
1540596183311	13
1540596183312	15
1540596183315	17
1540596183324	13
1540596183327	16
1540596183332	12
1540596183343	13
1540596183344	13
1540596183337	27
1540596183357	16
1540596183364	17
1540596183356	26
1540596183373	15
1540596183382	17
1540596183381	18
1540596183388	16
1540596183399	14
1540596183399	18
1540596183404	13
1540596183413	13
1540596183417	13
1540596183417	17
1540596183426	15
1540596183430	16
1540596183434	13
1540596183441	17
1540596183446	16
1540596183447	24
1540596183458	15
1540596183473	13
1540596183462	25
1540596183471	27
1540596183487	13
1540596183486	26
1540596183500	22
1540596183498	26
1540596183512	17
1540596183524	15
1540596183529	17
1540596183522	25
1540596183539	16
1540596183546	19
1540596183547	19
1540596183555	16
1540596183566	17
1540596183565	24
1540596183571	24
1540596183583	14
1540596183589	11
1540596183597	13
1540596183595	15
1540596183600	14
1540596183610	15
1540596183610	23
1540596183615	25
1540596183633	10
1540596183625	27
1540596183643	11
1540596183640	16
1540596183652	17
1540596183656	21
1540596183654	27
1540596183669	12
1540596183677	15
1540596183681	14
1540596183681	16
1540596183697	16
1540596183692	27
1540596183695	27
1540596183719	15
1540596183714	22
1540596183722	15
1540596183736	14
1540596183737	20
1540596183734	24
1540596183750	15
1540596183758	15
1540596183757	31
1540596183765	26
1540596183773	21
1540596183791	15
1540596183794	15
1540596183806	19
1540596183788	37
1540596183809	19
1540596183825	13
1540596183828	15
1540596183825	27
1540596183838	15
1540596183843	12
1540596183855	12
1540596183853	16
1540596183852	22
1540596183867	17
1540596183869	15
1540596183875	14
1540596183884	17
1540596183884	20
1540596183889	22
1540596183901	14
1540596183904	30
1540596183915	20
1540596183911	23
1540596183935	15
1540596183935	15
1540596183935	17
1540596183950	15
1540596183950	15
1540596183953	17
1540596183966	20
1540596183970	17
1540596183966	21
1540596183987	12
1540596183987	13
1540596183986	15
1540596184001	16
1540596183999	19
1540596184000	21
1540596184017	11
1540596184021	16
1540596184018	27
1540596184037	14
1540596184028	24
1540596184052	16
1540596184045	25
1540596184051	24
1540596184070	12
1540596184069	15
1540596184075	11
1540596184082	11
1540596184084	16
1540596184086	21
1540596184094	15
1540596184107	16
1540596184100	25
1540596184109	18
1540596184125	13
1540596184123	16
1540596184127	15
1540596184142	12
1540596184139	23
1540596184138	26
1540596184154	12
1540596184164	16
1540596184162	22
1540596184166	29
1540596184181	15
1540596184184	23
1540596184195	17
1540596184196	23
1540596184207	15
1540596184212	17
1540596184222	16
1540596184219	21
1540596184229	14
1540596184238	25
1540596184240	25
1540596184243	23
1540596184263	13
1540596184265	16
1540596184276	12
1540596184266	24
1540596184290	15
1540596184281	28
1540596184288	27
1540596184309	13
1540596184315	16
1540596184306	28
1540596184322	14
1540596184331	16
1540596184335	15
1540596184336	17
1540596184347	13
1540596184353	17
1540596184360	14
1540596184350	25
1540596184374	17
1540596184375	18
1540596184370	25
1540596184391	16
1540596184395	13
1540596184393	27
1540596184408	22
1540596184407	25
1540596184420	16
1540596184432	12
1540596184436	13
1540596184430	25
1540596184444	12
1540596184449	13
1540596184455	16
1540596184456	16
1540596184462	17
1540596184471	15
1540596184472	15
1540596184479	17
1540596184486	13
1540596184487	16
1540596184499	13
1540596184496	17
1540596184503	13
1540596184513	13
1540596184512	16
1540596184516	14
1540596184526	14
1540596184528	18
1540596184530	18
1540596184540	16
1540596184546	17
1540596184548	15
1540596184563	12
1540596184563	15
1540596184556	24
1540596184579	12
1540596184580	15
1540596184575	25
1540596184591	11
1540596184595	11
1540596184600	17
1540596184606	11
1540596184602	16
1540596184617	15
1540596184618	16
1540596184617	18
1540596184632	15
1540596184635	28
1540596184647	16
1540596184634	30
1540596184663	11
1540596184664	11
1540596184663	14
1540596184677	11
1540596184674	15
1540596184676	20
1540596184688	11
1540596184689	14
1540596184696	15
1540596184699	14
1540596184703	14
1540596184717	11
1540596184713	16
1540596184711	26
1540596184728	11
1540596184739	21
1540596184737	23
1540596184729	31
1540596184760	12
1540596184760	13
1540596184760	19
1540596184772	11
1540596184773	16
1540596184779	16
1540596184789	18
1540596184795	13
1540596184783	35
1540596184808	17
1540596184807	28
1540596184818	19
1540596184825	21
1540596184835	18
1540596184837	17
1540596184846	16
1540596184853	12
1540596184854	13
1540596184862	25
1540596184865	23
1540596184867	23
1540596184900	14
1540596184902	17
1540596184903	18
1540596184919	17
1540596184914	23
1540596184921	16
1540596184938	16
1540596184936	26
1540596184937	27
1540596184954	13
1540596184964	16
1540596184967	20
1540596184962	25
1540596184980	17
1540596184987	14
1540596184987	15
1540596184997	13
1540596185002	14
1540596185001	18
1540596185010	12
1540596185016	15
1540596185019	16
1540596185031	12
1540596185022	24
1540596185035	17
1540596185052	13
1540596185043	23
1540596185046	25
1540596185065	14
1540596185066	17
1540596185071	15
1540596185079	27
1540596185086	22
1540596185083	27
1540596185108	11
1540596185106	15
1540596185119	15
1540596185111	26
1540596185121	28
1540596185137	13
1540596185134	26
1540596185149	14
1540596185150	24
1540596185160	17
1540596185163	14
1540596185177	12
1540596185177	17
1540596185189	13
1540596185174	28
1540596185194	16
1540596185202	15
1540596185202	18
1540596185210	17
1540596185218	15
1540596185220	16
1540596185227	13
1540596185233	16
1540596185236	14
1540596185240	12
1540596185249	15
1540596185250	15
1540596185252	16
1540596185264	15
1540596185265	15
1540596185269	16
1540596185279	16
1540596185285	18
1540596185295	18
1540596185280	35
1540596185303	23
1540596185313	17
1540596185315	17
1540596185326	12
1540596185333	13
1540596185330	22
1540596185338	16
1540596185346	14
1540596185354	15
1540596185352	21
1540596185369	16
1540596185360	27
1540596185385	13
1540596185373	29
1540596185388	17
1540596185398	13
1540596185402	17
1540596185405	15
1540596185411	15
1540596185420	13
1540596185426	16
1540596185420	23
1540596185433	13
1540596185443	12
1540596185442	15
1540596185446	15
1540596185457	11
1540596185455	19
1540596185461	16
1540596185468	12
1540596185474	14
1540596185480	15
1540596185477	24
1540596185488	15
1540596185495	14
1540596185502	11
1540596185503	14
1540596185513	12
1540596185509	17
1540596185517	21
1540596185526	20
1540596185538	10
1540596185525	26
1540596185546	12
1540596185558	16
1540596185548	28
1540596185551	29
1540596185580	15
1540596185574	28
1540596185576	28
1540596185595	13
1540596185602	18
1540596185604	17
1540596185608	13
1540596185620	13
1540596185621	13
1540596185621	16
1540596185634	13
1540596185637	17
1540596185633	28
1540596185661	17
1540596185647	32
1540596185654	31
1540596185679	16
1540596185685	12
1540596185678	27
1540596185697	12
1540596185695	16
1540596185709	15
1540596185712	13
1540596185705	27
1540596185725	13
1540596185724	15
1540596185732	13
1540596185738	16
1540596185740	16
1540596185745	21
1540596185754	17
1540596185756	22
1540596185766	15
1540596185772	16
1540596185778	14
1540596185792	18
1540596185788	25
1540596185781	36
1540596185819	14
1540596185819	18
1540596185821	16
1540596185833	15
1540596185837	14
1540596185837	16
1540596185848	15
1540596185851	13
1540596185853	13
1540596185863	15
1540596185864	17
1540596185866	21
1540596185878	13
1540596185881	17
1540596185887	15
1540596185891	13
1540596185898	17
1540596185902	16
1540596185904	16
1540596185915	13
1540596185920	16
1540596185928	13
1540596185918	28
1540596185941	15
1540596185937	26
1540596185946	22
1540596185956	16
1540596185963	12
1540596185968	11
1540596185975	11
1540596185972	15
1540596185979	15
1540596185987	12
1540596185986	15
1540596185999	12
1540596186001	16
1540596185994	26
1540596186020	14
1540596186012	24
1540596186017	28
1540596186036	14
1540596186045	13
1540596186034	25
1540596186050	14
1540596186059	13
1540596186064	11
1540596186058	22
1540596186075	11
1540596186072	16
1540596186080	16
1540596186086	14
1540596186088	15
1540596186096	15
1540596186100	14
1540596186103	16
1540596186111	16
1540596186114	14
1540596186119	13
1540596186132	13
1540596186128	22
1540596186127	23
1540596186150	12
1540596186150	22
1540596186145	28
1540596186172	15
1540596186162	29
1540596186173	21
1540596186187	26
1540596186194	21
1540596186191	33
1540596186213	14
1540596186216	13
1540596186227	11
1540596186224	15
1540596186229	13
1540596186239	12
1540596186238	21
1540596186251	12
1540596186242	27
1540596186263	15
1540596186259	23
1540596186269	15
1540596186282	15
1540596186284	15
1540596186278	24
1540596186297	14
1540596186299	14
1540596186302	15
1540596186311	11
1540596186313	13
1540596186317	12
1540596186322	11
1540596186326	16
1540596186333	14
1540596186329	24
1540596186342	15
1540596186353	16
1540596186357	16
1540596186347	28
1540596186373	12
1540596186369	17
1540596186375	16
1540596186386	17
1540596186391	14
1540596186386	22
1540596186403	14
1540596186405	13
1540596186417	13
1540596186418	16
1540596186408	27
1540596186430	17
1540596186434	16
1540596186435	25
1540596186447	15
1540596186450	14
1540596186464	13
1540596186462	16
1540596186460	23
1540596186477	13
1540596186483	11
1540596186478	25
1540596186494	10
1540596186490	24
1540596186503	14
1540596186504	15
1540596186515	16
1540596186517	16
1540596186519	16
1540596186535	15
1540596186531	27
1540596186533	27
1540596186550	24
1540596186558	26
1540596186560	26
1540596186574	27
1540596186584	23
1540596186587	31
1540596186601	19
1540596186620	17
1540596186607	34
1540596186618	27
1540596186641	26
1540596186637	40
1540596186645	36
1540596186667	27
1540596186681	14
1540596186677	22
1540596186699	12
1540596186694	22
1540596186711	14
1540596186695	33
1540596186716	14
1540596186726	15
1540596186728	14
1540596186730	15
1540596186742	13
1540596186745	16
1540596186741	26
1540596186755	16
1540596186761	15
1540596186767	20
1540596186771	17
1540596186776	24
1540596186787	14
1540596186788	16
1540596186800	13
1540596186801	14
1540596186804	14
1540596186813	16
1540596186815	15
1540596186818	13
1540596186829	17
1540596186831	17
1540596186830	25
1540596186846	16
1540596186855	12
1540596186848	19
1540596186862	13
1540596186867	14
1540596186875	13
1540596186867	26
1540596186881	17
1540596186888	16
1540596186893	13
1540596186898	18
1540596186906	14
1540596186904	26
1540596186920	15
1540596186916	21
1540596186930	28
1540596186935	26
1540596186938	25
1540596186958	20
1540596186961	24
1540596186963	25
1540596186988	17
1540596186978	29
1540596186985	29
1540596187007	26
1540596187005	30
1540596187015	24
1540596187039	18
1540596187033	28
1540596187035	30
1540596187057	30
1540596187065	23
1540596187061	30
1540596187087	15
1540596187091	13
1540596187088	20
1540596187102	26
1540596187104	24
1540596187108	28
1540596187128	14
1540596187128	29
1540596187157	19
1540596187136	40
1540596187142	35
1540596187177	16
1540596187176	20
1540596187176	20
1540596187196	14
1540596187197	15
1540596187193	32
1540596187210	38
1540596187225	23
1540596187212	36
1540596187248	17
1540596187248	21
1540596187248	21
1540596187265	30
1540596187269	28
1540596187269	28
1540596187295	16
1540596187297	16
1540596187297	17
1540596187314	11
1540596187313	13
1540596187326	13
1540596187311	31
1540596187325	23
1540596187342	14
1540596187339	27
1540596187348	28
1540596187366	16
1540596187356	27
1540596187376	16
1540596187383	14
1540596187383	17
1540596187397	11
1540596187400	16
1540596187408	11
1540596187392	27
1540596187420	12
1540596187416	17
1540596187419	15
1540596187433	14
1540596187434	14
1540596187432	25
1540596187447	12
1540596187448	25
1540596187457	18
1540596187459	25
1540596187475	17
1540596187473	22
1540596187484	15
1540596187495	12
1540596187492	16
1540596187499	14
1540596187507	15
1540596187508	15
1540596187513	12
1540596187523	14
1540596187522	23
1540596187525	20
1540596187545	14
1540596187545	16
1540596187537	27
1540596187559	13
1540596187561	14
1540596187564	16
1540596187572	11
1540596187575	14
1540596187580	16
1540596187583	14
1540596187589	11
1540596187597	16
1540596187596	31
1540596187613	16
1540596187600	30
1540596187627	13
1540596187630	11
1540596187630	16
1540596187646	15
1540596187640	26
1540596187641	26
1540596187661	15
1540596187667	26
1540596187666	28
1540596187676	24
1540596187693	18
1540596187700	12
1540596187694	27
1540596187711	17
1540596187712	29
1540596187721	32
1540596187741	16
1540596187728	32
1540596187753	13
1540596187760	12
1540596187757	17
1540596187766	17
1540596187774	12
1540596187772	24
1540596187786	13
1540596187783	23
1540596187796	14
1540596187799	16
1540596187806	13
1540596187810	15
1540596187819	11
1540596187815	22
1540596187825	13
1540596187830	11
1540596187838	10
1540596187837	14
1540596187841	14
1540596187851	11
1540596187848	15
1540596187863	14
1540596187855	24
1540596187862	22
1540596187877	14
1540596187884	16
1540596187891	12
1540596187879	29
1540596187903	12
1540596187900	18
1540596187908	12
1540596187915	14
1540596187918	15
1540596187920	14
1540596187929	14
1540596187933	13
1540596187943	14
1540596187946	13
1540596187934	25
1540596187957	11
1540596187959	16
1540596187959	27
1540596187968	20
1540596187975	13
1540596187988	17
1540596187988	19
1540596187987	20
1540596188007	14
1540596188007	16
1540596188005	22
1540596188023	16
1540596188021	24
1540596188027	22
1540596188039	27
1540596188045	28
1540596188049	26
1540596188066	22
1540596188073	15
1540596188075	23
1540596188088	15
1540596188088	17
1540596188098	15
1540596188103	15
1540596188113	11
1540596188105	22
1540596188118	15
1540596188124	11
1540596188127	12
1540596188133	11
1540596188139	15
1540596188135	25
1540596188144	23
1540596188160	15
1540596188154	28
1540596188167	24
1540596188175	17
1540596188182	16
1540596188192	12
1540596188198	12
1540596188191	25
1540596188210	14
1540596188204	20
1540596188224	14
1540596188224	16
1540596188216	26
1540596188238	26
1540596188242	22
1540596188240	27
1540596188264	13
1540596188264	16
1540596188267	16
1540596188277	15
1540596188280	12
1540596188283	13
1540596188292	16
1540596188296	12
1540596188293	19
1540596188308	15
1540596188308	17
1540596188313	14
1540596188323	13
1540596188325	17
1540596188327	15
1540596188336	12
1540596188342	14
1540596188342	17
1540596188348	15
1540596188356	11
1540596188359	13
1540596188363	16
1540596188367	22
1540596188379	15
1540596188372	22
1540596188390	15
1540596188394	13
1540596188405	16
1540596188394	29
1540596188407	23
1540596188421	15
1540596188423	15
1540596188430	15
1540596188436	12
1540596188438	15
1540596188448	12
1540596188453	13
1540596188445	29
1540596188460	18
1540596188466	12
1540596188474	16
1540596188478	16
1540596188479	25
1540596188494	15
1540596188490	22
1540596188504	15
1540596188509	12
1540596188521	12
1540596188512	22
1540596188519	25
1540596188534	15
1540596188533	16
1540596188544	12
1540596188549	16
1540596188556	13
1540596188549	26
1540596188565	15
1540596188569	14
1540596188575	16
1540596188580	12
1540596188591	14
1540596188584	25
1540596188592	25
1540596188605	20
1540596188609	24
1540596188617	18
1540596188625	14
1540596188636	15
1540596188639	13
1540596188633	25
1540596188651	17
1540596188658	13
1540596188652	28
1540596188668	13
1540596188671	16
1540596188680	20
1540596188687	16
1540596188681	23
1540596188700	11
1540596188703	18
1540596188711	14
1540596188704	26
1540596188721	13
1540596188725	15
1540596188730	15
1540596188734	13
1540596188740	14
1540596188745	16
1540596188747	16
1540596188754	11
1540596188761	13
1540596188763	17
1540596188774	12
1540596188765	25
1540596188780	17
1540596188790	17
1540596188797	13
1540596188786	24
1540596188810	13
1540596188807	17
1540596188810	24
1540596188824	23
1540596188824	23
1540596188834	15
1540596188847	15
1540596188847	20
1540596188849	23
1540596188862	13
1540596188872	13
1540596188875	11
1540596188867	24
1540596188886	11
1540596188885	16
1540596188897	15
1540596188891	25
1540596188901	18
1540596188916	16
1540596188912	23
1540596188919	18
1540596188932	16
1540596188935	15
1540596188937	22
1540596188948	12
1540596188959	11
1540596188950	21
1540596188960	12
1540596188972	12
1540596188970	16
1540596188972	15
1540596188985	14
1540596188986	15
1540596188987	16
1540596188999	18
1540596189001	18
1540596189003	17
1540596189019	12
1540596189020	12
1540596189017	15
1540596189032	11
1540596189032	12
1540596189032	12
1540596189044	12
1540596189044	15
1540596189044	17
1540596189056	15
1540596189059	15
1540596189061	15
1540596189071	15
1540596189076	15
1540596189074	25
1540596189086	16
1540596189091	12
1540596189099	11
1540596189102	13
1540596189111	13
1540596189115	12
1540596189103	25
1540596189127	15
1540596189128	17
1540596189124	25
1540596189142	16
1540596189149	15
1540596189145	28
1540596189158	16
1540596189164	15
1540596189174	12
1540596189173	17
1540596189179	11
1540596189186	11
1540596189190	12
1540596189190	13
1540596189197	16
1540596189203	13
1540596189202	15
1540596189213	16
1540596189217	16
1540596189229	16
1540596189216	31
1540596189233	25
1540596189247	17
1540596189245	23
1540596189258	25
1540596189264	27
1540596189268	26
1540596189283	20
1540596189291	15
1540596189306	15
1540596189294	29
1540596189303	30
1540596189321	26
1540596189324	26
1540596189333	32
1540596189347	20
1540596189350	28
1540596189367	16
1540596189365	23
1540596189378	13
1540596189383	21
1540596189388	20
1540596189391	21
1540596189405	26
1540596189412	19
1540596189408	24
1540596189431	16
1540596189431	16
1540596189432	15
1540596189447	15
1540596189447	16
1540596189464	12
1540596189447	30
1540596189462	16
1540596189478	11
1540596189477	15
1540596189476	19
1540596189495	14
1540596189489	22
1540596189492	27
1540596189509	15
1540596189519	13
1540596189511	24
1540596189524	14
1540596189538	12
1540596189532	20
1540596189535	18
1540596189550	12
1540596189552	15
1540596189553	15
1540596189568	12
1540596189567	16
1540596189562	26
1540596189583	13
1540596189588	15
1540596189580	25
1540596189596	12
1540596189603	24
1540596189605	24
1540596189608	27
1540596189627	12
1540596189629	27
1540596189639	22
1540596189635	27
1540596189656	15
1540596189661	15
1540596189671	13
1540596189662	23
1540596189676	15
1540596189684	11
1540596189685	11
1540596189691	14
1540596189696	11
1540596189695	16
1540596189705	13
1540596189711	15
1540596189718	11
1540596189707	25
1540596189726	18
1540596189729	20
1540596189732	29
1540596189749	14
1540596189744	23
1540596189763	16
1540596189767	13
1540596189761	25
1540596189786	12
1540596189780	18
1540596189779	27
1540596189798	11
1540596189806	14
1540596189798	24
1540596189809	16
1540596189822	15
1540596189825	15
1540596189820	24
1540596189838	24
1540596189844	19
1540596189840	28
1540596189862	24
1540596189868	30
1540596189863	36
1540596189898	22
1540596189886	34
1540596189899	33
1540596189920	18
1540596189920	18
1540596189932	12
1540596189938	20
1540596189938	20
1540596189944	15
1540596189958	20
1540596189958	21
1540596189959	20
1540596189979	11
1540596189978	15
1540596189979	15
1540596189991	15
1540596189993	34
1540596189994	34
1540596190006	25
1540596190032	14
1540596190032	24
1540596190032	28
1540596190047	23
1540596190057	15
1540596190060	20
1540596190072	12
1540596190070	18
1540596190080	14
1540596190084	22
1540596190088	23
1540596190094	24
1540596190106	16
1540596190111	14
1540596190118	16
1540596190122	15
1540596190125	21
1540596190134	16
1540596190137	14
1540596190146	15
1540596190151	13
1540596190150	16
1540596190161	14
1540596190164	12
1540596190166	12
1540596190175	15
1540596190178	13
1540596190176	27
1540596190190	21
1540596190191	21
1540596190203	15
1540596190211	13
1540596190212	16
1540596190218	15
1540596190228	16
1540596190233	12
1540596190224	28
1540596190244	13
1540596190245	22
1540596190252	24
1540596190257	22
1540596190267	16
1540596190283	15
1540596190276	23
1540596190279	25
1540596190298	17
1540596190299	23
1540596190315	12
1540596190304	27
1540596190322	15
1540596190327	12
1540596190332	17
1540596190337	16
1540596190339	16
1540596190349	11
1540596190353	15
1540596190355	15
1540596190360	12
1540596190368	16
1540596190370	15
1540596190372	15
1540596190384	12
1540596190387	15
1540596190385	23
1540596190396	13
1540596190402	14
1540596190408	13
1540596190416	13
1540596190409	27
1540596190421	16
1540596190429	12
1540596190436	15
1540596190437	15
1540596190441	15
1540596190451	15
1540596190453	15
1540596190456	15
1540596190466	13
1540596190468	12
1540596190471	14
1540596190479	13
1540596190480	12
1540596190492	18
1540596190485	25
1540596190492	28
1540596190510	12
1540596190510	16
1540596190520	15
1540596190526	17
1540596190522	26
1540596190535	14
1540596190543	13
1540596190548	16
1540596190556	13
1540596190549	23
1540596190564	50
1540596190569	45
1540596190572	42
1540596190615	14
1540596190615	17
1540596190616	18
1540596190629	15
1540596190632	28
1540596190634	43
1540596190644	41
1540596190660	37
1540596190708	26
1540596190712	23
1540596190708	27
1540596190735	20
1540596190734	22
1540596190735	21
1540596190756	13
1540596190756	13
1540596190756	16
1540596190769	13
1540596190769	16
1540596190772	16
1540596190782	16
1540596190785	15
1540596190788	13
1540596190802	12
1540596190798	18
1540596190801	16
1540596190817	13
1540596190816	24
1540596190814	27
1540596190830	12
1540596190840	12
1540596190842	16
1540596190852	12
1540596190841	25
1540596190858	16
1540596190864	15
1540596190866	14
1540596190874	17
1540596190880	12
1540596190879	13
1540596190891	12
1540596190892	16
1540596190892	21
1540596190908	13
1540596190903	22
1540596190922	12
1540596190913	25
1540596190926	14
1540596190934	15
1540596190938	15
1540596190940	15
1540596190949	16
1540596190953	15
1540596190955	15
1540596190968	11
1540596190965	15
1540596190970	12
1540596190980	12
1540596190982	11
1540596190979	21
1540596190992	12
1540596190993	15
1540596191000	15
1540596191004	15
1540596191015	15
1540596191008	26
1540596191019	25
1540596191035	15
1540596191030	26
1540596191044	15
1540596191056	13
1540596191059	11
1540596191050	23
1540596191069	13
1540596191070	14
1540596191073	13
1540596191084	16
1540596191082	25
1540596191086	24
1540596191100	29
1540596191107	27
1540596191110	27
1540596191137	16
1540596191129	25
1540596191134	23
1540596191153	12
1540596191157	11
1540596191165	11
1540596191154	24
1540596191168	11
1540596191178	12
1540596191179	14
1540596191176	26
1540596191190	16
1540596191193	14
1540596191202	15
1540596191206	17
1540596191217	16
1540596191207	28
1540596191223	16
1540596191233	13
1540596191235	13
1540596191239	13
1540596191246	12
1540596191252	13
1540596191248	22
1540596191258	15
1540596191265	17
1540596191270	14
1540596191273	15
1540596191282	16
1540596191284	15
1540596191288	15
1540596191298	16
1540596191303	12
1540596191299	16
1540596191314	13
1540596191315	14
1540596191315	22
1540596191329	11
1540596191327	13
1540596191340	15
1540596191340	16
1540596191337	25
1540596191355	15
1540596191362	15
1540596191356	27
1540596191370	15
1540596191377	16
1540596191383	16
1540596191393	12
1540596191385	24
1540596191399	12
1540596191405	12
1540596191409	13
1540596191411	13
1540596191422	18
1540596191424	18
1540596191418	27
1540596191442	16
1540596191445	16
1540596191441	24
1540596191458	16
1540596191461	16
1540596191465	14
1540596191474	13
1540596191477	13
1540596191479	12
1540596191487	13
1540596191491	10
1540596191490	23
1540596191500	16
1540596191501	27
1540596191513	16
1540596191517	14
1540596191528	16
1540596191532	17
1540596191529	28
1540596191544	15
1540596191549	13
1540596191559	20
1540596191557	43
1540596191562	42
1540596191579	39
1540596191604	15
1540596191600	29
1540596191618	17
1540596191619	18
1540596191629	38
1540596191637	30
1540596191635	34
1540596191667	24
1540596191667	28
1540596191669	41
1540596191691	23
1540596191710	15
1540596191695	33
1540596191714	19
1540596191725	17
1540596191728	17
1540596191733	26
1540596191745	19
1540596191742	25
1540596191759	16
1540596191764	13
1540596191767	14
1540596191775	12
1540596191777	16
1540596191781	15
1540596191787	12
1540596191796	12
1540596191793	17
1540596191799	16
1540596191808	25
1540596191810	29
1540596191815	30
1540596191833	15
1540596191845	17
1540596191848	15
1540596191839	27
1540596191862	16
1540596191863	22
1540596191866	20
1540596191878	19
1540596191885	13
1540596191886	16
1540596191897	17
1540596191898	22
1540596191902	25
1540596191914	15
1540596191920	17
1540596191927	15
1540596191929	15
1540596191937	15
1540596191942	11
1540596191945	12
1540596191953	12
1540596191952	16
1540596191957	12
1540596191970	16
1540596191968	21
1540596191965	27
1540596191989	12
1540596191986	16
1540596191992	16
1540596192001	17
1540596192002	19
1540596192008	19
1540596192018	16
1540596192021	13
1540596192034	12
1540596192027	23
1540596192034	16
1540596192046	15
1540596192050	13
1540596192050	24
1540596192061	15
1540596192063	16
1540596192074	13
1540596192076	15
1540596192079	16
1540596192087	16
1540596192091	22
1540596192103	15
1540596192095	25
1540596192118	16
1540596192120	13
1540596192113	23
1540596192135	12
1540596192134	13
1540596192136	16
1540596192147	16
1540596192147	22
1540596192152	18
1540596192169	16
1540596192163	24
1540596192170	26
1540596192185	15
1540596192187	15
1540596192202	12
1540596192200	15
1540596192196	24
1540596192214	11
1540596192215	12
1540596192220	15
1540596192227	11
1540596192225	15
1540596192236	17
1540596192238	16
1540596192240	16
1540596192253	18
1540596192256	15
1540596192255	27
1540596192271	12
1540596192271	16
1540596192283	13
1540596192282	15
1540596192287	19
1540596192297	13
1540596192296	16
1540596192306	16
1540596192310	12
1540596192312	15
1540596192322	16
1540596192322	18
1540596192338	16
1540596192327	29
1540596192340	17
1540596192354	26
1540596192356	27
1540596192357	30
1540596192380	13
1540596192383	13
1540596192387	14
1540596192393	12
1540596192397	16
1540596192401	14
1540596192405	15
1540596192413	16
1540596192415	16
1540596192420	15
1540596192429	16
1540596192431	16
1540596192435	14
1540596192449	12
1540596192447	16
1540596192445	21
1540596192461	11
1540596192463	12
1540596192466	11
1540596192472	15
1540596192475	13
1540596192477	14
1540596192487	14
1540596192488	16
1540596192491	15
1540596192504	17
1540596192506	16
1540596192501	26
1540596192522	11
1540596192521	16
1540596192527	19
1540596192533	21
1540596192537	24
1540596192546	22
1540596192561	12
1540596192554	24
1540596192573	16
1540596192568	24
1540596192578	16
1540596192589	25
1540596192592	23
1540596192594	29
1540596192623	13
1540596192615	24
1540596192614	27
1540596192637	14
1540596192641	12
1540596192639	24
1540596192651	17
1540596192653	22
1540596192663	13
1540596192668	17
1540596192676	16
1540596192676	17
1540596192685	16
1540596192693	16
1540596192692	27
1540596192702	21
1540596192723	11
1540596192719	17
1540596192709	28
1540596192736	13
1540596192737	21
1540596192734	27
1540596192749	22
1540596192759	22
1540596192761	26
1540596192771	27
1540596192781	30
1540596192787	28
1540596192798	28
1540596192811	17
1540596192815	19
1540596192828	17
1540596192834	11
1540596192827	26
1540596192845	13
1540596192845	14
1540596192853	25
1540596192858	22
1540596192860	26
1540596192878	24
1540596192880	24
1540596192886	23
1540596192909	11
1540596192902	25
1540596192904	26
1540596192920	13
1540596192927	15
1540596192933	15
1540596192930	27
1540596192943	25
1540596192957	13
1540596192948	26
1540596192970	11
1540596192968	24
1540596192974	24
1540596192981	31
1540596192992	24
1540596192998	21
1540596193013	26
1540596193019	22
1540596193016	26
1540596193040	25
1540596193041	27
1540596193042	26
1540596193068	16
1540596193065	26
1540596193068	26
1540596193091	14
1540596193084	29
1540596193094	26
1540596193105	26
1540596193113	24
1540596193122	23
1540596193137	15
1540596193132	26
1540596193145	24
1540596193152	27
1540596193158	25
1540596193169	16
1540596193179	15
1540596193183	12
1540596193185	16
1540596193194	11
1540596193195	11
1540596193205	12
1540596193206	14
1540596193201	27
1540596193220	14
1540596193217	25
1540596193228	21
1540596193234	27
1540596193242	23
1540596193249	23
1540596193265	14
1540596193261	22
1540596193272	15
1540596193287	14
1540596193279	24
1540596193283	22
1540596193303	13
1540596193302	26
1540596193305	24
1540596193316	16
1540596193328	22
1540596193329	23
1540596193332	25
1540596193350	11
1540596193352	14
1540596193357	26
1540596193361	28
1540596193366	24
1540596193383	12
1540596193389	17
1540596193390	22
1540596193395	24
1540596193406	18
1540596193412	25
1540596193419	22
1540596193424	26
1540596193437	28
1540596193441	26
1540596193450	21
1540596193465	24
1540596193467	26
1540596193471	23
1540596193489	23
1540596193493	21
1540596193494	23
1540596193514	20
1540596193512	25
1540596193517	25
1540596193535	26
1540596193537	25
1540596193542	21
1540596193561	17
1540596193563	23
1540596193562	26
1540596193578	24
1540596193588	16
1540596193586	27
1540596193602	21
1540596193604	22
1540596193613	15
1540596193626	12
1540596193628	16
1540596193623	26
1540596193644	11
1540596193638	29
1540596193655	16
1540596193649	23
1540596193667	18
1540596193672	17
1540596193671	27
1540596193685	27
1540596193689	24
1540596193698	16
1540596193714	17
1540596193712	22
1540596193714	21
1540596193735	12
1540596193731	27
1540596193734	25
1540596193747	27
1540596193758	17
1540596193759	17
1540596193775	16
1540596193774	27
1540596193776	27
1540596193801	16
1540596193791	27
1540596193803	17
1540596193817	12
1540596193818	23
1540596193820	23
1540596193829	21
1540596193850	18
1540596193841	29
1540596193843	27
1540596193870	16
1540596193870	23
1540596193868	31
1540596193886	17
1540596193899	16
1540596193893	29
1540596193903	24
1540596193915	25
1540596193927	22
1540596193922	28
1540596193940	14
1540596193949	24
1540596193950	28
1540596193954	29
1540596193978	15
1540596193993	12
1540596193973	34
1540596193983	30
1540596194007	21
1540596194005	24
1540596194013	28
1540596194028	17
1540596194041	13
1540596194029	30
1540596194045	20
1540596194065	11
1540596194054	22
1540596194059	24
1540596194076	16
1540596194076	27
1540596194083	22
1540596194092	29
1540596194105	22
1540596194103	26
1540596194129	15
1540596194121	26
1540596194127	24
1540596194148	13
1540596194144	25
1540596194161	14
1540596194152	30
1540596194169	16
1540596194185	20
1540596194182	29
1540596194175	31
1540596194211	13
1540596194211	16
1540596194211	18
1540596194224	15
1540596194229	17
1540596194228	20
1540596194248	14
1540596194247	25
1540596194239	37
1540596194262	25
1540596194272	26
1540596194276	24
1540596194287	26
1540596194301	14
1540596194299	28
1540596194313	16
1540596194315	27
1540596194329	18
1540596194327	28
1540596194342	25
1540596194347	24
1540596194355	16
1540596194371	11
1540596194367	16
1540596194371	12
1540596194384	12
1540596194383	24
1540596194382	28
1540596194396	26
1540596194410	19
1540596194422	16
1540596194407	34
1540596194429	25
1540596194438	17
1540596194441	22
1540596194454	12
1540596194463	12
1540596194455	20
1540596194466	11
1540596194475	10
1540596194475	16
1540596194478	28
1540596194485	26
1540596194491	26
1540596194506	26
1540596194511	27
1540596194517	27
1540596194532	29
1540596194538	27
1540596194544	25
1540596194561	12
1540596194569	13
1540596194565	23
1540596194573	23
1540596194588	13
1540596194582	25
1540596194607	15
1540596194596	28
1540596194601	25
1540596194624	27
1540596194622	32
1540596194626	33
1540596194654	22
1540596194659	21
1540596194651	32
1540596194680	15
1540596194676	24
1540596194683	23
1540596194695	14
1540596194706	13
1540596194700	27
1540596194709	25
1540596194720	25
1540596194727	27
1540596194734	26
1540596194745	17
1540596194754	17
1540596194760	16
1540596194771	14
1540596194776	11
1540596194762	26
1540596194785	14
1540596194787	13
1540596194789	21
1540596194800	15
1540596194810	12
1540596194799	25
1540596194822	15
1540596194824	15
1540596194815	25
1540596194840	16
1540596194837	26
1540596194839	27
1540596194856	19
1540596194863	16
1540596194866	23
1540596194879	18
1540596194875	23
1540596194889	20
1540596194897	23
1540596194909	16
1540596194898	37
1540596194920	27
1540596194925	26
1540596194947	18
1540596194951	16
1540596194967	30
1540596194965	34
1540596194999	13
1540596194997	33
1540596195012	21
1540596195034	16
1540596195030	25
1540596195051	15
1540596195055	15
1540596195066	15
1540596195070	23
1540596195082	20
1540596195093	23
1540596195102	24
1540596195116	22
1540596195126	25
1540596195138	16
1540596195151	25
1540596195154	28
1540596195182	15
1540596195176	26
1540596195197	13
1540596195210	13
1540596195202	23
1540596195223	16
1540596195226	19
1540596195239	26
1540596195245	28
1540596195265	25
1540596195273	23
1540596195297	14
1540596195290	25
1540596195311	20
1540596195315	23
1540596195331	21
1540596195338	16
1540596195352	27
1540596195379	16
1540596195395	17
1540596195412	14
1540596195426	30
1540596195456	16
