1540789893481	861
1540789893479	864
1540789893481	860
1540789894360	8
1540789894360	9
1540789894360	10
1540789894368	3
1540789894370	2
1540789894369	5
1540789894371	4
1540789894374	2
1540789894373	5
1540789894375	6
1540789894378	7
1540789894382	6
1540789894376	7
1540789894385	9
1540789894388	8
1540789894396	2
1540789894393	7
1540789894394	7
1540789894398	4
1540789894401	2
1540789894400	5
1540789894403	3
1540789894405	2
1540789894402	7
1540789894407	3
1540789894406	7
1540789894409	7
1540789894410	7
1540789894413	6
1540789894416	6
1540789894417	7
1540789894420	6
1540789894424	3
1540789894427	1
1540789894427	2
1540789894429	2
1540789894430	6
1540789894425	13
1540789894431	7
1540789894438	3
1540789894436	6
1540789894441	2
1540789894439	7
1540789894442	7
1540789894443	7
1540789894446	8
1540789894449	6
1540789894454	2
1540789894455	2
1540789894450	9
1540789894457	3
1540789894457	7
1540789894459	7
1540789894460	6
1540789894466	2
1540789894464	5
1540789894468	3
1540789894467	7
1540789894469	7
1540789894471	6
1540789894477	2
1540789894474	6
1540789894479	2
1540789894480	2
1540789894477	7
1540789894482	3
1540789894481	8
1540789894484	7
1540789894485	8
1540789894491	3
1540789894489	7
1540789894494	3
1540789894493	8
1540789894496	6
1540789894497	7
1540789894505	2
1540789894504	5
1540789894507	3
1540789894509	2
1540789894506	6
1540789894511	2
1540789894510	7
1540789894512	6
1540789894518	2
1540789894520	2
1540789894517	9
1540789894514	12
1540789894522	9
1540789894529	6
1540789894530	7
1540789894531	7
1540789894545	2
1540789894547	2
1540789894545	7
1540789894552	2
1540789894546	9
1540789894549	7
1540789894554	3
1540789894555	3
1540789894558	2
1540789894557	13
1540789894560	10
1540789894556	16
1540789894571	6
1540789894572	6
1540789894571	8
1540789894579	1
1540789894580	2
1540789894577	7
1540789894579	6
1540789894584	5
1540789894585	5
1540789894582	9
1540789894590	2
1540789894590	3
1540789894591	5
1540789894592	6
1540789894593	7
1540789894597	5
1540789894602	2
1540789894598	6
1540789894600	5
1540789894604	3
1540789894605	5
1540789894610	2
1540789894605	8
1540789894607	7
1540789894613	2
1540789894612	3
1540789894615	2
1540789894614	7
1540789894615	8
1540789894617	7
1540789894621	6
1540789894627	2
1540789894623	6
1540789894629	2
1540789894624	10
1540789894629	7
1540789894636	2
1540789894631	8
1540789894638	2
1540789894634	7
1540789894641	2
1540789894643	2
1540789894639	7
1540789894640	7
1540789894645	5
1540789894646	6
1540789894652	2
1540789894647	8
1540789894654	2
1540789894650	7
1540789894655	6
1540789894656	6
1540789894657	6
1540789894661	3
1540789894663	2
1540789894664	1
1540789894665	2
1540789894662	8
1540789894666	6
1540789894667	7
1540789894670	6
1540789894672	6
1540789894676	3
1540789894674	6
1540789894679	2
1540789894678	6
1540789894680	5
1540789894684	2
1540789894681	6
1540789894685	3
1540789894686	2
1540789894688	2
1540789894687	6
1540789894688	6
1540789894690	6
1540789894693	8
1540789894701	2
1540789894696	9
1540789894694	11
1540789894703	3
1540789894705	4
1540789894705	6
1540789894710	2
1540789894712	1
1540789894706	8
1540789894712	3
1540789894713	3
1540789894714	6
1540789894715	7
1540789894716	7
1540789894720	5
1540789894725	2
1540789894722	7
1540789894723	7
1540789894727	3
1540789894729	6
1540789894736	1
1540789894730	8
1540789894731	7
1540789894739	2
1540789894739	3
1540789894742	2
1540789894740	6
1540789894742	6
1540789894744	6
1540789894746	6
1540789894752	2
1540789894748	7
1540789894754	2
1540789894755	6
1540789894751	6
1540789894761	2
1540789894763	2
1540789894761	5
1540789894765	20
1540789894766	19
1540789894762	24
1540789894786	4
1540789894790	2
1540789894785	10
1540789894785	10
1540789894795	2
1540789894792	7
1540789894795	6
1540789894797	6
1540789894799	6
1540789894803	2
1540789894805	2
1540789894804	5
1540789894809	9
1540789894807	12
1540789894805	14
1540789894819	2
1540789894821	2
1540789894818	6
1540789894819	6
1540789894824	2
1540789894826	2
1540789894823	6
1540789894825	6
1540789894828	5
1540789894833	2
1540789894835	2
1540789894833	6
1540789894834	7
1540789894837	6
1540789894839	7
1540789894841	7
1540789894847	2
1540789894848	2
1540789894843	9
1540789894853	2
1540789894853	2
1540789894853	5
1540789894858	2
1540789894855	6
1540789894860	2
1540789894855	7
1540789894869	7
1540789894869	9
1540789894870	8
1540789894876	4
1540789894887	2
1540789894885	6
1540789894889	4
1540789894885	8
1540789894893	2
1540789894895	2
1540789894891	7
1540789894893	5
1540789894898	2
1540789894897	5
1540789894899	6
1540789894900	7
1540789894902	6
1540789894905	6
1540789894911	2
1540789894907	7
1540789894908	7
1540789894913	4
1540789894915	2
1540789894917	2
1540789894914	7
1540789894917	5
1540789894919	6
1540789894921	7
1540789894928	2
1540789894922	8
1540789894925	5
1540789894937	4
1540789894937	7
1540789894938	8
1540789894941	6
1540789894946	2
1540789894946	3
1540789894947	6
1540789894953	2
1540789894953	3
1540789894954	6
1540789894960	1
1540789894955	7
1540789894956	7
1540789894962	1
1540789894962	6
1540789894963	5
1540789894963	6
1540789894968	5
1540789894968	7
1540789894969	6
1540789894976	2
1540789894976	2
1540789894978	1
1540789894978	2
1540789894976	5
1540789894981	2
1540789894979	6
1540789894980	6
1540789894983	3
1540789894986	6
1540789894986	14
1540789894986	15
1540789894992	15
1540789895001	7
1540789895000	8
1540789895007	2
1540789895008	2
1540789895009	2
1540789895010	1
1540789895008	5
1540789895014	4
1540789895018	4
1540789895013	9
1540789895013	11
1540789895022	7
1540789895024	5
1540789895022	8
1540789895037	8
1540789895037	9
1540789895038	9
1540789895045	3
1540789895047	3
1540789895048	2
1540789895050	2
1540789895047	6
1540789895053	2
1540789895050	6
1540789895055	3
1540789895052	6
1540789895056	6
1540789895058	6
1540789895059	7
1540789895062	6
1540789895068	2
1540789895070	4
1540789895064	10
1540789895066	9
1540789895075	2
1540789895074	6
1540789895074	8
1540789895085	2
1540789895086	2
1540789895088	2
1540789895085	6
1540789895097	6
1540789895087	6
1540789895097	8
1540789895105	2
1540789895107	1
1540789895104	5
1540789895104	6
1540789895108	5
1540789895109	7
1540789895110	6
1540789895121	2
1540789895122	2
1540789895123	2
1540789895124	2
1540789895121	7
1540789895125	6
1540789895126	7
1540789895128	5
1540789895131	8
1540789895141	2
1540789895143	2
1540789895141	6
1540789895142	7
1540789895145	6
1540789895149	2
1540789895147	6
1540789895151	2
1540789895153	2
1540789895155	1
1540789895151	6
1540789895153	6
1540789895156	6
1540789895157	8
1540789895159	7
1540789895165	2
1540789895167	2
1540789895162	7
1540789895166	7
1540789895173	2
1540789895169	6
1540789895169	6
1540789895175	1
1540789895175	2
1540789895177	2
1540789895175	8
1540789895176	9
1540789895179	8
1540789895183	5
1540789895189	1
1540789895185	6
1540789895190	2
1540789895187	6
1540789895191	5
1540789895192	5
1540789895197	1
1540789895193	7
1540789895198	2
1540789895200	2
1540789895197	6
1540789895202	2
1540789895200	5
1540789895203	6
1540789895209	1
1540789895204	7
1540789895205	7
1540789895211	1
1540789895211	10
1540789895212	10
1540789895212	10
1540789895222	2
1540789895224	1
1540789895222	7
1540789895221	9
1540789895225	7
1540789895230	3
1540789895233	2
1540789895229	7
1540789895237	1
1540789895232	7
1540789895239	1
1540789895235	6
1540789895239	6
1540789895240	9
1540789895245	4
1540789895241	9
1540789895249	2
1540789895249	6
1540789895250	7
1540789895251	7
1540789895260	2
1540789895262	2
1540789895260	6
1540789895260	7
1540789895266	2
1540789895268	2
1540789895264	6
1540789895267	6
1540789895273	2
1540789895270	6
1540789895275	2
1540789895270	8
1540789895276	4
1540789895277	5
1540789895278	6
1540789895280	6
1540789895289	2
1540789895289	2
1540789895291	2
1540789895291	4
1540789895289	7
1540789895293	5
1540789895295	7
1540789895296	6
1540789895302	2
1540789895298	7
1540789895304	2
1540789895302	7
1540789895305	5
1540789895310	2
1540789895306	7
1540789895312	1
1540789895309	6
1540789895313	4
1540789895313	5
1540789895321	2
1540789895323	2
1540789895321	6
1540789895327	1
1540789895321	8
1540789895325	8
1540789895328	5
1540789895329	5
1540789895334	2
1540789895336	1
1540789895333	5
1540789895333	6
1540789895337	7
1540789895338	7
1540789895339	6
1540789895345	2
1540789895344	5
1540789895347	3
1540789895345	6
1540789895351	2
1540789895349	5
1540789895353	2
1540789895354	1
1540789895350	6
1540789895355	2
1540789895355	6
1540789895357	6
1540789895356	7
1540789895361	4
1540789895363	6
1540789895372	5
1540789895363	16
1540789895372	7
1540789895381	3
1540789895381	4
1540789895381	4
1540789895384	3
1540789895385	2
1540789895385	3
1540789895387	6
1540789895388	7
1540789895387	9
1540789895393	6
1540789895395	6
1540789895396	6
1540789895399	6
1540789895406	1
1540789895401	7
1540789895407	2
1540789895408	2
1540789895405	5
1540789895410	1
1540789895410	2
1540789895409	5
1540789895411	8
1540789895421	1
1540789895422	6
1540789895421	9
1540789895422	10
1540789895428	5
1540789895433	2
1540789895430	6
1540789895435	2
1540789895436	1
1540789895432	6
1540789895437	2
1540789895437	4
1540789895438	6
1540789895439	6
1540789895444	2
1540789895441	6
1540789895446	2
1540789895445	6
1540789895447	6
1540789895448	6
1540789895453	2
1540789895451	5
1540789895455	2
1540789895456	2
1540789895458	1
1540789895454	6
1540789895457	4
1540789895459	5
1540789895460	8
1540789895468	2
1540789895461	9
1540789895464	7
1540789895470	1
1540789895470	6
1540789895476	1
1540789895471	7
1540789895471	7
1540789895478	1
1540789895478	2
1540789895480	1
1540789895478	7
1540789895479	8
1540789895481	6
1540789895485	6
1540789895491	2
1540789895487	6
1540789895487	6
1540789895493	2
1540789895493	5
1540789895493	6
1540789895498	2
1540789895499	1
1540789895495	6
1540789895500	1
1540789895500	2
1540789895501	5
1540789895501	5
1540789895502	9
1540789895506	7
1540789895506	7
1540789895513	2
1540789895512	4
1540789895515	2
1540789895513	5
1540789895518	3
1540789895516	5
1540789895521	2
1540789895521	2
1540789895518	5
1540789895523	2
1540789895523	5
1540789895523	7
1540789895525	5
1540789895528	5
1540789895530	6
1540789895536	1
1540789895533	5
1540789895530	8
1540789895537	2
1540789895538	1
1540789895539	2
1540789895538	7
1540789895539	7
1540789895545	2
1540789895541	7
1540789895547	2
1540789895546	6
1540789895548	6
1540789895549	6
1540789895552	5
1540789895557	2
1540789895554	7
1540789895559	3
1540789895555	7
1540789895561	2
1540789895563	1
1540789895562	6
1540789895564	6
1540789895562	8
1540789895570	2
1540789895568	5
1540789895572	2
1540789895570	6
1540789895573	6
1540789895579	2
1540789895574	7
1540789895576	6
1540789895581	2
1540789895582	1
1540789895583	2
1540789895581	5
1540789895583	5
1540789895585	5
1540789895586	6
1540789895592	2
1540789895588	6
1540789895594	1
1540789895590	6
1540789895594	6
1540789895600	1
1540789895596	6
1540789895595	7
1540789895601	2
1540789895602	2
1540789895604	1
1540789895602	6
1540789895603	7
1540789895605	7
1540789895608	6
1540789895610	7
1540789895614	3
1540789895612	6
1540789895617	2
1540789895617	4
1540789895621	2
1540789895618	5
1540789895623	1
1540789895623	2
1540789895619	6
1540789895625	2
1540789895624	6
1540789895625	5
1540789895627	6
1540789895630	7
1540789895630	8
1540789895633	5
1540789895638	2
1540789895640	1
1540789895637	5
1540789895642	1
1540789895638	6
1540789895644	1
1540789895644	2
1540789895646	1
1540789895641	6
1540789895645	6
1540789895647	6
1540789895647	6
1540789895651	6
1540789895653	6
1540789895653	6
1540789895659	2
1540789895657	5
1540789895661	1
1540789895662	1
1540789895659	6
1540789895663	2
1540789895665	1
1540789895662	7
1540789895667	2
1540789895665	5
1540789895669	6
1540789895669	8
1540789895670	7
1540789895675	6
1540789895681	1
1540789895677	6
1540789895677	6
1540789895682	2
1540789895683	3
1540789895686	1
1540789895683	5
1540789895684	5
1540789895689	1
1540789895690	2
1540789895687	6
1540789895689	5
1540789895692	5
1540789895693	7
1540789895694	9
1540789895697	6
1540789895703	1
1540789895700	5
1540789895704	2
1540789895705	2
1540789895707	1
1540789895703	6
1540789895709	2
1540789895706	6
1540789895711	3
1540789895708	8
1540789895712	6
1540789895714	7
1540789895716	6
1540789895718	6
1540789895724	2
1540789895721	5
1540789895726	2
1540789895722	6
1540789895728	2
1540789895730	2
1540789895726	6
1540789895732	3
1540789895728	7
1540789895735	2
1540789895732	5
1540789895735	6
1540789895737	6
1540789895738	7
1540789895741	6
1540789895745	11
1540789895743	13
1540789895747	10
1540789895756	2
1540789895757	2
1540789895758	2
1540789895756	7
1540789895763	1
1540789895759	6
1540789895765	1
1540789895760	7
1540789895765	6
1540789895766	8
1540789895767	8
1540789895771	6
1540789895778	1
1540789895774	6
1540789895779	2
1540789895775	7
1540789895782	2
1540789895784	2
1540789895780	6
1540789895781	6
1540789895786	2
1540789895788	2
1540789895786	6
1540789895787	6
1540789895790	6
1540789895793	5
1540789895792	6
1540789895798	2
1540789895796	5
1540789895800	1
1540789895798	6
1540789895804	2
1540789895801	6
1540789895801	6
1540789895806	2
1540789895807	1
1540789895809	2
1540789895807	6
1540789895808	7
1540789895811	6
1540789895813	6
1540789895819	1
1540789895815	6
1540789895820	2
1540789895817	5
1540789895821	5
1540789895823	5
1540789895826	3
1540789895823	7
1540789895829	2
1540789895830	1
1540789895831	4
1540789895828	7
1540789895831	6
1540789895835	6
1540789895835	7
1540789895837	5
1540789895842	2
1540789895844	1
1540789895842	5
1540789895842	6
1540789895848	2
1540789895850	2
1540789895846	6
1540789895847	6
1540789895853	1
1540789895854	2
1540789895852	4
1540789895852	6
1540789895856	5
1540789895856	7
1540789895858	7
1540789895865	1
1540789895861	6
1540789895866	3
1540789895863	6
1540789895869	2
1540789895867	5
1540789895871	2
1540789895872	2
1540789895869	5
1540789895873	5
1540789895876	2
1540789895877	5
1540789895883	6
1540789895883	7
1540789895882	8
1540789895889	2
1540789895891	2
1540789895890	8
1540789895890	8
1540789895893	13
1540789895898	9
1540789895907	2
1540789895898	14
1540789895912	1
1540789895906	8
1540789895913	2
1540789895909	7
1540789895914	5
1540789895919	2
1540789895916	5
1540789895915	7
1540789895921	4
1540789895921	6
1540789895922	6
1540789895927	2
1540789895925	5
1540789895929	2
1540789895928	5
1540789895933	2
1540789895930	5
1540789895931	6
1540789895935	3
1540789895935	8
1540789895938	6
1540789895937	7
1540789895943	2
1540789895945	1
1540789895944	4
1540789895944	5
1540789895949	1
1540789895948	5
1540789895946	8
1540789895950	4
1540789895953	2
1540789895955	2
1540789895954	5
1540789895954	7
1540789895957	5
1540789895959	5
1540789895964	3
1540789895961	7
1540789895967	2
1540789895962	7
1540789895968	4
1540789895972	2
1540789895969	6
1540789895974	2
1540789895969	8
1540789895977	2
1540789895975	5
1540789895976	5
1540789895979	3
1540789895981	4
1540789895985	2
1540789895981	7
1540789895982	6
1540789895987	2
1540789895988	4
1540789895992	2
1540789895988	7
1540789895989	6
1540789895994	2
1540789895995	5
1540789895996	5
1540789895995	7
1540789896000	3
1540789896003	1
1540789896001	7
1540789896004	6
1540789896002	8
1540789896011	1
1540789896008	5
1540789896012	2
1540789896013	2
1540789896015	2
1540789896010	7
1540789896014	6
1540789896017	6
1540789896017	6
1540789896023	2
1540789896020	6
1540789896025	2
1540789896023	7
1540789896026	6
1540789896027	6
1540789896032	2
1540789896034	2
1540789896030	7
1540789896033	5
1540789896037	2
1540789896039	2
1540789896036	5
1540789896038	6
1540789896041	5
1540789896044	2
1540789896046	2
1540789896041	7
1540789896046	6
1540789896048	6
1540789896048	6
1540789896054	2
1540789896052	4
1540789896056	2
1540789896057	1
1540789896054	6
1540789896058	3
1540789896058	6
1540789896060	6
1540789896061	5
1540789896066	1
1540789896064	4
1540789896067	2
1540789896066	6
1540789896069	6
1540789896068	7
1540789896075	2
1540789896072	5
1540789896077	2
1540789896077	2
1540789896079	2
1540789896075	6
1540789896079	6
1540789896081	6
1540789896081	6
1540789896085	5
1540789896090	1
1540789896090	6
1540789896091	6
1540789896091	9
1540789896096	7
1540789896097	6
1540789896113	2
1540789896113	2
1540789896113	10
1540789896115	9
1540789896115	10
1540789896123	7
1540789896124	6
1540789896125	6
1540789896130	1
1540789896131	2
1540789896131	6
1540789896130	9
1540789896133	6
1540789896137	5
1540789896142	1
1540789896139	6
1540789896143	2
1540789896145	2
1540789896139	8
1540789896147	1
1540789896145	5
1540789896147	6
1540789896153	2
1540789896149	6
1540789896155	2
1540789896150	7
1540789896155	6
1540789896157	8
1540789896157	8
1540789896161	5
1540789896165	2
1540789896167	1
1540789896166	3
1540789896165	5
1540789896169	1
1540789896169	7
1540789896170	6
1540789896176	7
1540789896170	6
1540789896184	1
1540789896185	2
1540789896183	7
1540789896183	8
1540789896187	6
1540789896193	2
1540789896195	2
1540789896193	7
1540789896200	2
1540789896194	8
1540789896197	6
1540789896202	1
1540789896202	6
1540789896208	1
1540789896203	7
1540789896203	7
1540789896209	2
1540789896210	5
1540789896211	6
1540789896210	8
1540789896218	1
1540789896215	5
1540789896219	2
1540789896220	1
1540789896218	4
1540789896221	3
1540789896221	5
1540789896224	6
1540789896230	5
1540789896226	10
1540789896222	14
1540789896236	2
1540789896238	2
1540789896236	4
1540789896236	5
1540789896240	2
1540789896241	1
1540789896242	1
1540789896242	2
1540789896240	5
1540789896244	6
1540789896245	7
1540789896244	8
1540789896250	5
1540789896252	5
1540789896252	6
1540789896257	2
1540789896255	5
1540789896259	1
1540789896260	1
1540789896261	2
1540789896258	5
1540789896263	2
1540789896260	5
1540789896265	2
1540789896263	5
1540789896265	5
1540789896267	5
1540789896268	6
1540789896270	5
1540789896275	2
1540789896272	5
1540789896277	2
1540789896274	6
1540789896280	1
1540789896281	2
1540789896278	5
1540789896283	2
1540789896279	6
1540789896285	1
1540789896283	5
1540789896285	5
1540789896286	6
1540789896288	6
1540789896290	5
1540789896296	1
1540789896292	5
1540789896297	2
1540789896294	6
1540789896300	1
1540789896297	7
1540789896299	6
1540789896301	4
1540789896304	2
1540789896306	2
1540789896305	4
1540789896306	5
1540789896308	6
1540789896309	6
1540789896315	2
1540789896311	6
1540789896317	1
1540789896314	5
1540789896317	4
1540789896321	2
1540789896318	6
1540789896319	5
1540789896323	2
1540789896324	2
1540789896326	2
1540789896324	4
1540789896325	5
1540789896328	5
1540789896330	6
1540789896328	10
1540789896338	2
1540789896333	7
1540789896336	5
1540789896340	1
1540789896341	1
1540789896342	2
1540789896340	5
1540789896342	6
1540789896348	2
1540789896350	1
1540789896348	4
1540789896351	6
1540789896348	6
1540789896354	6
1540789896357	5
1540789896357	5
1540789896362	4
1540789896366	1
1540789896362	6
1540789896360	9
1540789896368	2
1540789896369	1
1540789896370	2
1540789896370	2
1540789896368	5
1540789896372	5
1540789896372	6
1540789896373	6
1540789896378	5
1540789896379	5
1540789896378	6
1540789896384	2
1540789896386	1
1540789896383	5
1540789896388	2
1540789896384	6
1540789896390	2
1540789896390	2
1540789896387	6
1540789896392	1
1540789896392	5
1540789896393	6
1540789896394	6
1540789896398	5
1540789896400	5
1540789896400	5
1540789896405	2
1540789896403	5
1540789896407	1
1540789896408	1
1540789896409	2
1540789896405	6
1540789896411	2
1540789896408	5
1540789896413	1
1540789896411	5
1540789896413	5
1540789896414	7
1540789896416	6
1540789896418	6
1540789896424	2
1540789896421	5
1540789896426	1
1540789896422	6
1540789896428	1
1540789896429	2
1540789896426	5
1540789896427	5
1540789896432	1
1540789896433	2
1540789896431	5
1540789896432	5
1540789896435	6
1540789896436	6
1540789896437	6
1540789896443	1
1540789896441	4
1540789896444	2
1540789896445	8
1540789896453	2
1540789896455	1
1540789896446	13
1540789896443	18
1540789896456	6
1540789896461	1
1540789896462	2
1540789896459	6
1540789896462	6
1540789896464	6
1540789896465	5
1540789896470	2
1540789896468	5
1540789896472	2
1540789896473	3
1540789896470	6
1540789896476	3
1540789896474	6
1540789896476	8
1540789896479	6
1540789896480	5
1540789896485	1
1540789896486	2
1540789896485	4
1540789896485	5
1540789896490	2
1540789896492	1
1540789896488	5
1540789896489	6
1540789896496	1
1540789896497	2
1540789896493	6
1540789896494	8
1540789896499	5
1540789896499	7
1540789896502	5
1540789896507	2
1540789896504	5
1540789896509	1
1540789896506	6
1540789896509	6
1540789896512	3
1540789896510	6
1540789896515	1
1540789896515	2
1540789896516	2
1540789896516	5
1540789896517	5
1540789896518	6
1540789896521	5
1540789896526	1
1540789896522	6
1540789896527	2
1540789896524	6
1540789896528	5
1540789896533	1
1540789896529	7
1540789896534	2
1540789896530	7
1540789896537	2
1540789896536	5
1540789896539	2
1540789896536	6
1540789896541	4
1540789896541	6
1540789896543	6
1540789896545	4
1540789896549	2
1540789896547	6
1540789896549	7
1540789896556	1
1540789896551	7
1540789896553	5
1540789896557	2
1540789896558	2
1540789896560	1
1540789896558	5
1540789896559	5
1540789896563	5
1540789896564	4
1540789896564	5
1540789896569	1
1540789896570	2
1540789896568	5
1540789896569	5
1540789896574	2
1540789896572	5
1540789896576	2
1540789896573	6
1540789896579	2
1540789896577	5
1540789896581	2
1540789896578	6
1540789896582	4
1540789896586	2
1540789896583	6
1540789896588	2
1540789896584	7
1540789896589	4
1540789896590	6
1540789896591	7
1540789896593	5
1540789896598	1
1540789896598	2
1540789896596	4
1540789896599	2
1540789896600	2
1540789896600	5
1540789896605	2
1540789896601	7
1540789896607	2
1540789896602	8
1540789896608	5
1540789896609	5
1540789896610	6
1540789896613	5
1540789896618	1
1540789896614	5
1540789896619	2
1540789896616	5
1540789896621	2
1540789896619	5
1540789896623	1
1540789896624	1
1540789896621	5
1540789896625	2
1540789896624	5
1540789896626	4
1540789896627	6
1540789896629	5
1540789896630	6
1540789896636	2
1540789896633	5
1540789896638	1
1540789896634	6
1540789896640	1
1540789896641	2
1540789896638	5
1540789896644	1
1540789896639	6
1540789896645	2
1540789896643	5
1540789896645	5
1540789896647	5
1540789896648	6
1540789896650	6
1540789896656	1
1540789896652	6
1540789896657	2
1540789896654	6
1540789896660	2
1540789896658	4
1540789896662	1
1540789896662	2
1540789896659	5
1540789896664	1
1540789896663	6
1540789896664	7
1540789896665	6
1540789896669	4
1540789896671	5
1540789896676	2
1540789896673	5
1540789896671	7
1540789896678	2
1540789896679	2
1540789896681	1
1540789896679	6
1540789896680	6
1540789896685	2
1540789896687	1
1540789896682	6
1540789896686	6
1540789896688	6
1540789896688	6
1540789896692	4
1540789896696	2
1540789896698	1
1540789896694	6
1540789896700	1
1540789896694	8
1540789896701	2
1540789896699	5
1540789896702	4
1540789896706	2
1540789896703	5
1540789896708	1
1540789896704	6
1540789896708	5
1540789896709	6
1540789896710	7
1540789896715	5
1540789896713	7
1540789896723	2
1540789896724	1
1540789896725	2
1540789896725	2
1540789896724	5
1540789896730	1
1540789896727	5
1540789896731	2
1540789896727	7
1540789896733	5
1540789896733	7
1540789896735	5
1540789896738	6
1540789896744	1
1540789896740	6
1540789896740	6
1540789896745	1
1540789896746	1
1540789896747	2
1540789896746	4
1540789896750	1
1540789896747	4
1540789896751	2
1540789896749	4
1540789896751	5
1540789896756	10
1540789896753	13
1540789896753	13
1540789896766	1
1540789896767	2
1540789896766	6
1540789896772	2
1540789896769	6
1540789896766	9
1540789896774	2
1540789896775	6
1540789896781	2
1540789896775	8
1540789896776	8
1540789896783	1
1540789896783	5
1540789896788	1
1540789896784	6
1540789896784	6
1540789896789	2
1540789896790	6
1540789896791	5
1540789896790	7
1540789896796	1
1540789896797	2
1540789896797	5
1540789896797	6
1540789896802	2
1540789896804	1
1540789896799	6
1540789896803	6
1540789896809	2
1540789896805	12
1540789896806	11
1540789896811	8
1540789896817	6
1540789896817	8
1540789896819	6
1540789896825	2
1540789896823	5
1540789896827	2
1540789896828	2
1540789896825	6
1540789896830	2
1540789896829	5
1540789896831	6
1540789896832	7
1540789896834	6
1540789896845	1
1540789896846	2
1540789896845	5
1540789896845	7
1540789896852	1
1540789896848	6
1540789896850	6
1540789896853	3
1540789896854	4
1540789896856	2
1540789896859	1
1540789896856	5
1540789896858	6
1540789896864	2
1540789896860	6
1540789896861	6
1540789896866	1
1540789896866	7
1540789896867	7
1540789896867	7
1540789896874	2
1540789896876	1
1540789896873	5
1540789896878	1
1540789896874	5
1540789896879	2
1540789896877	6
1540789896879	6
1540789896881	4
1540789896885	1
1540789896886	2
1540789896883	5
1540789896885	5
1540789896888	5
1540789896888	8
1540789896896	1
1540789896890	8
1540789896898	1
1540789896897	3
1540789896893	7
1540789896899	2
1540789896900	4
1540789896900	6
1540789896901	5
1540789896906	2
1540789896904	4
1540789896908	1
1540789896906	6
1540789896909	5
1540789896909	6
1540789896914	1
1540789896912	4
1540789896918	1
1540789896918	1
1540789896917	5
1540789896919	3
1540789896919	6
1540789896922	6
1540789896925	4
1540789896922	10
1540789896928	5
1540789896932	2
1540789896929	6
1540789896935	2
1540789896937	1
1540789896934	5
1540789896933	6
1540789896939	2
1540789896941	1
1540789896938	6
1540789896939	5
1540789896942	6
1540789896944	6
1540789896944	6
1540789896948	5
1540789896950	6
1540789896956	3
1540789896950	9
1540789896953	7
1540789896959	2
1540789896959	2
1540789896960	1
1540789896961	2
1540789896961	2
1540789896961	6
1540789896963	6
1540789896963	6
1540789896967	5
1540789896969	5
1540789896969	6
1540789896973	4
1540789896977	2
1540789896979	1
1540789896974	6
1540789896975	6
1540789896980	2
1540789896981	2
1540789896982	1
1540789896983	1
1540789896980	5
1540789896984	5
1540789896985	5
1540789896984	6
1540789896989	6
1540789896990	7
1540789896995	6
1540789896990	11
1540789897001	1
1540789896997	6
1540789897001	2
1540789897002	2
1540789897003	1
1540789897003	2
1540789897004	2
1540789897004	6
1540789897005	7
1540789897006	6
1540789897010	6
1540789897012	6
1540789897012	6
1540789897016	4
1540789897020	2
1540789897022	1
1540789897018	6
1540789897018	6
1540789897024	1
1540789897024	3
1540789897023	5
1540789897025	4
1540789897027	2
1540789897028	5
1540789897029	6
1540789897029	7
1540789897033	6
1540789897039	1
1540789897035	6
1540789897036	5
1540789897040	2
1540789897041	4
1540789897045	2
1540789897041	6
1540789897042	6
1540789897047	2
1540789897047	2
1540789897049	1
1540789897048	4
1540789897049	4
1540789897050	6
1540789897053	4
1540789897057	2
1540789897053	8
1540789897056	6
1540789897059	4
1540789897062	5
1540789897061	7
1540789897063	5
1540789897067	2
1540789897068	2
1540789897069	2
1540789897070	1
1540789897068	4
1540789897071	6
1540789897071	6
1540789897072	6
1540789897078	1
1540789897079	2
1540789897077	5
1540789897078	4
1540789897081	7
1540789897082	8
1540789897082	8
1540789897090	1
1540789897088	5
1540789897090	3
1540789897091	4
1540789897093	3
1540789897093	7
1540789897100	2
1540789897095	7
1540789897096	6
1540789897102	1
1540789897102	6
1540789897102	8
1540789897103	7
1540789897113	5
1540789897118	2
1540789897113	7
1540789897113	8
1540789897120	1
1540789897121	1
1540789897122	2
1540789897121	5
1540789897126	1
1540789897122	6
1540789897128	6
1540789897128	11
1540789897134	6
1540789897124	16
1540789897139	6
1540789897140	5
1540789897140	6
1540789897145	1
1540789897146	2
1540789897146	5
1540789897145	8
1540789897148	5
1540789897153	2
1540789897153	2
1540789897155	1
1540789897155	2
1540789897154	4
1540789897156	6
1540789897157	6
1540789897162	6
1540789897162	8
1540789897163	7
1540789897170	7
1540789897185	2
1540789897185	5
1540789897190	2
1540789897185	7
1540789897187	6
1540789897192	2
1540789897192	2
1540789897194	1
1540789897193	4
1540789897194	15
1540789897197	12
1540789897217	6
1540789897217	7
1540789897217	7
1540789897224	1
1540789897225	2
1540789897223	6
1540789897225	5
1540789897229	2
1540789897230	2
1540789897231	1
1540789897227	5
1540789897232	1
1540789897232	5
1540789897233	5
1540789897237	4
1540789897237	7
1540789897238	6
1540789897244	2
1540789897246	2
1540789897241	7
1540789897244	5
1540789897249	1
1540789897250	2
1540789897248	5
1540789897248	5
1540789897253	2
1540789897255	1
1540789897252	5
1540789897253	5
1540789897256	7
1540789897257	7
1540789897258	6
1540789897264	2
1540789897266	2
1540789897263	5
1540789897264	5
1540789897269	1
1540789897270	2
1540789897268	5
1540789897268	7
1540789897275	2
1540789897277	2
1540789897272	7
1540789897273	8
1540789897279	5
1540789897279	7
1540789897281	7
1540789897284	4
1540789897288	1
1540789897289	2
1540789897286	5
1540789897291	2
1540789897288	5
1540789897293	1
1540789897293	2
1540789897291	5
1540789897295	1
1540789897294	6
1540789897296	6
1540789897296	6
1540789897300	5
1540789897302	6
1540789897308	2
1540789897302	8
1540789897305	6
1540789897310	2
1540789897311	1
1540789897312	2
1540789897310	6
1540789897312	6
1540789897316	2
1540789897318	2
1540789897314	6
1540789897318	6
1540789897320	6
1540789897320	6
1540789897324	5
1540789897329	1
1540789897331	1
1540789897326	6
1540789897326	8
1540789897334	3
1540789897332	6
1540789897333	6
1540789897337	2
1540789897339	2
1540789897341	1
1540789897338	5
1540789897339	6
1540789897342	6
1540789897343	7
1540789897345	6
1540789897350	2
1540789897348	5
1540789897352	1
1540789897351	6
1540789897353	5
1540789897353	5
1540789897357	2
1540789897358	2
1540789897358	5
1540789897365	4
1540789897365	6
1540789897369	6
1540789897375	2
1540789897369	9
1540789897371	7
1540789897385	1
1540789897385	7
1540789897385	7
1540789897386	6
1540789897392	4
1540789897392	6
1540789897392	6
1540789897405	1
1540789897405	1
1540789897406	2
1540789897406	2
1540789897405	6
1540789897411	1
1540789897412	1
1540789897408	6
1540789897408	7
1540789897414	5
1540789897421	4
1540789897421	6
1540789897421	6
1540789897425	5
1540789897430	1
1540789897431	2
1540789897427	6
1540789897433	1
1540789897427	8
1540789897434	2
1540789897435	1
1540789897433	4
1540789897436	2
1540789897436	5
1540789897438	6
1540789897437	7
1540789897441	5
1540789897444	4
1540789897444	6
1540789897450	1
1540789897446	6
1540789897451	2
1540789897452	1
1540789897448	6
1540789897453	1
1540789897453	4
1540789897457	20
1540789897457	12
1540789897457	12
1540789897477	2
1540789897477	5
1540789897477	5
1540789897482	2
1540789897479	6
1540789897484	2
1540789897483	5
1540789897488	2
1540789897485	5
1540789897490	1
1540789897486	6
1540789897490	6
1540789897496	2
1540789897492	6
1540789897491	8
1540789897498	2
1540789897498	7
1540789897499	7
1540789897500	6
1540789897505	2
1540789897507	2
1540789897506	5
1540789897506	7
1540789897511	3
1540789897509	5
1540789897514	1
1540789897513	5
1540789897514	6
1540789897515	7
1540789897525	2
1540789897527	2
1540789897525	6
1540789897531	2
1540789897525	8
1540789897533	1
1540789897529	6
1540789897533	4
1540789897537	2
1540789897534	6
1540789897539	1
1540789897535	7
1540789897540	5
1540789897540	6
1540789897542	7
1540789897545	5
1540789897549	2
1540789897550	2
1540789897551	1
1540789897546	6
1540789897552	1
1540789897552	5
1540789897552	7
1540789897553	6
1540789897559	1
1540789897557	5
1540789897560	2
1540789897559	6
1540789897562	6
1540789897568	1
1540789897562	8
1540789897565	5
1540789897569	2
1540789897570	2
1540789897572	1
1540789897570	5
1540789897571	6
1540789897573	6
1540789897575	6
1540789897577	4
1540789897581	1
1540789897582	2
1540789897579	6
1540789897581	5
1540789897586	2
1540789897588	1
1540789897584	5
1540789897585	5
1540789897590	1
1540789897591	2
1540789897589	5
1540789897589	6
1540789897593	7
1540789897595	7
1540789897594	8
1540789897602	1
1540789897600	5
1540789897604	1
1540789897602	6
1540789897608	2
1540789897605	5
1540789897610	7
1540789897605	5
1540789897610	37
1540789897617	6
1540789897647	2
1540789897617	35
1540789897647	8
1540789897649	6
1540789897655	5
1540789897655	7
1540789897655	7
1540789897669	1
1540789897669	2
1540789897670	2
1540789897671	1
1540789897669	6
1540789897672	6
1540789897678	2
1540789897672	8
1540789897680	2
1540789897678	6
1540789897680	5
1540789897688	6
1540789897682	6
1540789897694	2
1540789897696	2
1540789897695	6
1540789897688	15
1540789897698	5
1540789897705	5
1540789897705	5
1540789897705	9
1540789897714	1
1540789897714	2
1540789897715	2
1540789897714	6
1540789897720	1
1540789897716	5
1540789897717	5
1540789897721	2
1540789897722	5
1540789897722	7
1540789897723	6
1540789897727	5
1540789897732	1
1540789897729	5
1540789897733	2
1540789897734	1
1540789897729	7
1540789897735	2
1540789897735	6
1540789897737	5
1540789897736	6
1540789897742	2
1540789897744	1
1540789897741	6
1540789897742	6
1540789897745	6
1540789897747	6
1540789897751	18
1540789897748	5
1540789897769	2
1540789897771	3
1540789897769	7
1540789897753	29
1540789897781	3
1540789897783	1
1540789897784	1
1540789897781	7
1540789897785	5
1540789897784	6
1540789897788	8
1540789897790	8
1540789897790	8
1540789897801	5
1540789897801	6
1540789897801	6
1540789897806	2
1540789897807	1
1540789897807	1
1540789897808	1
1540789897808	2
1540789897808	2
1540789897809	6
1540789897810	7
1540789897810	7
1540789897815	5
1540789897817	5
1540789897817	5
1540789897820	5
1540789897825	2
1540789897822	6
1540789897827	2
1540789897828	1
1540789897822	7
1540789897829	2
1540789897829	2
1540789897831	2
1540789897829	4
1540789897831	6
1540789897833	6
1540789897833	6
1540789897837	4
1540789897839	6
1540789897841	5
1540789897839	8
1540789897847	1
1540789897847	2
1540789897845	4
1540789897849	3
1540789897848	4
1540789897849	3
1540789897852	2
1540789897852	5
1540789897852	7
1540789897854	6
1540789897857	6
1540789897859	5
1540789897860	4
1540789897863	5
1540789897868	2
1540789897864	6
1540789897864	6
1540789897870	1
1540789897870	2
1540789897870	2
1540789897872	1
1540789897872	1
1540789897871	6
1540789897873	6
1540789897873	6
1540789897877	4
1540789897879	6
1540789897879	8
1540789897881	6
1540789897887	2
1540789897885	4
1540789897889	2
1540789897889	2
1540789897891	2
1540789897887	6
1540789897891	7
1540789897893	5
1540789897898	1
1540789897893	9
1540789897898	5
1540789897899	6
1540789897902	6
1540789897903	7
1540789897905	5
1540789897910	1
1540789897911	2
1540789897908	5
1540789897913	2
1540789897915	1
1540789897910	7
1540789897917	1
1540789897913	6
1540789897916	5
1540789897918	3
1540789897919	5
1540789897921	6
1540789897921	6
1540789897925	4
1540789897929	2
1540789897931	1
1540789897927	7
1540789897927	7
1540789897934	2
1540789897936	2
1540789897932	6
1540789897934	11
1540789897945	3
1540789897938	11
1540789897948	2
1540789897938	15
1540789897949	6
1540789897950	7
1540789897953	4
1540789897957	2
1540789897959	1
1540789897955	5
1540789897960	2
1540789897957	5
1540789897962	2
1540789897960	5
1540789897962	7
1540789897969	1
1540789897964	7
1540789897965	6
1540789897970	2
1540789897971	5
1540789897971	6
1540789897972	5
1540789897977	1
1540789897978	2
1540789897976	5
1540789897981	1
1540789897977	6
1540789897982	2
1540789897980	6
1540789897983	6
1540789897989	2
1540789897984	7
1540789897991	1
1540789897986	7
1540789897991	5
1540789897992	5
1540789897993	6
1540789897996	8
1540789897999	5
1540789897997	8
1540789898008	2
1540789898008	3
1540789898011	1
1540789898008	6
1540789898010	6
1540789898015	2
1540789898012	6
1540789898017	2
1540789898016	5
1540789898018	7
1540789898021	4
1540789898019	7
1540789898025	2
1540789898027	2
1540789898025	5
1540789898026	4
1540789898030	2
1540789898032	1
1540789898029	7
1540789898030	8
1540789898033	5
1540789898038	2
1540789898036	5
1540789898040	1
1540789898038	6
1540789898041	6
1540789898041	6
1540789898047	1
1540789898044	5
1540789898048	2
1540789898049	2
1540789898051	1
1540789898047	6
1540789898050	5
1540789898052	5
1540789898053	4
1540789898057	2
1540789898055	5
1540789898059	1
1540789898057	5
1540789898060	4
1540789898064	2
1540789898060	6
1540789898066	1
1540789898062	6
1540789898068	1
1540789898069	2
1540789898066	6
1540789898067	5
1540789898071	5
1540789898072	6
1540789898072	6
1540789898078	2
1540789898076	5
1540789898080	1
1540789898078	6
1540789898084	1
1540789898081	5
1540789898085	2
1540789898086	1
1540789898081	7
1540789898087	2
1540789898087	5
1540789898088	6
1540789898089	5
1540789898092	5
1540789898095	6
1540789898095	8
1540789898097	6
1540789898103	2
1540789898103	2
1540789898105	2
1540789898105	2
1540789898101	7
1540789898108	2
1540789898110	1
1540789898107	6
1540789898107	6
1540789898111	6
1540789898113	5
1540789898113	5
1540789898125	6
1540789898131	2
1540789898133	1
1540789898125	13
1540789898125	15
1540789898134	6
1540789898138	5
1540789898143	2
1540789898144	1
1540789898145	1
1540789898145	1
1540789898143	5
1540789898146	6
1540789898147	5
1540789898148	4
1540789898161	2
1540789898163	1
1540789898161	7
1540789898161	9
1540789898164	6
1540789898168	4
1540789898172	1
1540789898170	4
1540789898173	2
1540789898174	2
1540789898170	6
1540789898176	1
1540789898175	6
1540789898176	6
1540789898182	1
1540789898177	7
1540789898183	2
1540789898181	4
1540789898184	5
1540789898185	5
1540789898185	5
1540789898190	2
1540789898192	1
1540789898189	4
1540789898190	6
1540789898193	8
1540789898193	8
1540789898196	6
1540789898201	1
1540789898202	2
1540789898204	1
1540789898201	5
1540789898202	6
1540789898205	5
1540789898206	6
1540789898208	5
1540789898212	2
1540789898210	6
1540789898214	2
1540789898213	5
1540789898218	1
1540789898216	4
1540789898219	2
1540789898216	5
1540789898221	1
1540789898222	2
1540789898220	5
1540789898221	6
1540789898224	7
1540789898227	6
1540789898225	8
1540789898231	7
1540789898233	6
1540789898239	1
1540789898233	11
1540789898244	1
1540789898238	8
1540789898240	6
1540789898246	5
1540789898245	6
1540789898251	1
1540789898246	10
1540789898251	6
1540789898252	5
1540789898256	5
1540789898261	1
1540789898257	6
1540789898257	6
1540789898262	2
1540789898263	5
1540789898263	6
1540789898264	5
1540789898268	2
1540789898269	2
1540789898270	1
1540789898271	1
1540789898269	4
1540789898271	6
1540789898272	7
1540789898273	6
1540789898279	1
1540789898277	5
1540789898280	3
1540789898279	6
1540789898282	4
1540789898287	1
1540789898283	5
1540789898288	2
1540789898285	5
1540789898290	2
1540789898288	5
1540789898292	1
1540789898290	5
1540789898293	4
1540789898297	2
1540789898293	6
1540789898299	1
1540789898295	6
1540789898299	6
1540789898300	7
1540789898301	6
1540789898305	7
1540789898312	1
1540789898307	7
1540789898313	2
1540789898314	1
1540789898307	11
1540789898315	6
1540789898315	8
1540789898318	5
1540789898323	2
1540789898321	5
1540789898325	1
1540789898323	6
1540789898326	6
1540789898332	1
1540789898329	5
1540789898326	8
1540789898333	2
1540789898334	1
1540789898335	2
1540789898337	8
1540789898335	10
1540789898334	11
1540789898345	14
1540789898349	10
1540789898345	14
1540789898359	2
1540789898361	1
1540789898359	5
1540789898359	5
1540789898364	1
1540789898364	2
1540789898365	2
1540789898366	1
1540789898362	6
1540789898367	6
1540789898367	7
1540789898368	6
1540789898373	6
1540789898374	7
1540789898374	7
1540789898381	2
1540789898379	5
1540789898383	1
1540789898384	2
1540789898381	5
1540789898386	1
1540789898386	2
1540789898388	1
1540789898384	5
1540789898387	6
1540789898389	5
1540789898389	8
1540789898393	5
1540789898394	6
1540789898397	5
1540789898400	2
1540789898402	4
1540789898407	5
1540789898398	15
1540789898413	1
1540789898414	2
1540789898412	5
1540789898402	16
1540789898418	1
1540789898419	2
1540789898416	6
1540789898417	5
1540789898422	2
1540789898424	1
1540789898421	7
1540789898422	8
1540789898425	7
1540789898428	4
1540789898430	5
1540789898435	2
1540789898432	5
1540789898432	5
1540789898437	1
1540789898437	2
1540789898439	1
1540789898437	5
1540789898442	1
1540789898443	1
1540789898438	7
1540789898440	6
1540789898444	5
1540789898445	5
1540789898446	6
1540789898457	6
1540789898463	1
1540789898464	2
1540789898457	10
1540789898457	11
1540789898468	1
1540789898466	6
1540789898467	5
1540789898477	1
1540789898477	2
1540789898479	1
1540789898477	6
1540789898478	7
1540789898480	6
1540789898483	5
1540789898488	2
1540789898485	5
1540789898490	1
1540789898486	6
1540789898490	6
1540789898496	1
1540789898491	6
1540789898492	6
1540789898497	2
1540789898498	1
1540789898499	2
1540789898498	5
1540789898499	6
1540789898501	4
1540789898503	6
1540789898505	5
1540789898505	5
1540789898509	2
1540789898511	2
1540789898510	6
1540789898510	6
1540789898516	1
1540789898516	2
1540789898517	2
1540789898513	6
1540789898518	2
1540789898519	5
1540789898520	4
1540789898519	6
1540789898524	4
1540789898525	5
1540789898524	6
1540789898530	2
1540789898528	5
1540789898532	4
1540789898533	4
1540789898530	8
1540789898537	1
1540789898538	1
1540789898539	2
1540789898536	7
1540789898538	7
1540789898541	6
1540789898543	6
1540789898545	4
1540789898547	6
1540789898549	6
1540789898549	6
1540789898555	2
1540789898555	2
1540789898553	4
1540789898557	2
1540789898557	2
1540789898557	2
1540789898559	1
1540789898559	6
1540789898560	5
1540789898559	7
1540789898565	6
1540789898566	7
1540789898565	8
1540789898571	6
1540789898573	5
1540789898573	7
1540789898580	1
1540789898580	2
1540789898580	2
1540789898581	2
1540789898582	1
1540789898582	2
1540789898583	6
1540789898583	8
1540789898584	7
1540789898589	4
1540789898591	5
1540789898591	7
1540789898593	6
1540789898599	1
1540789898596	5
1540789898600	2
1540789898601	1
1540789898598	6
1540789898603	2
1540789898604	2
1540789898602	4
1540789898606	1
1540789898605	4
1540789898606	6
1540789898609	5
1540789898607	7
1540789898612	5
1540789898617	2
1540789898614	6
1540789898619	2
1540789898614	7
1540789898620	2
1540789898622	2
1540789898621	5
1540789898626	1
1540789898621	6
1540789898627	2
1540789898624	5
1540789898627	5
1540789898629	5
1540789898629	5
1540789898632	4
1540789898636	2
1540789898638	1
1540789898634	6
1540789898640	1
1540789898634	8
1540789898641	2
1540789898639	5
1540789898642	6
1540789898648	1
1540789898643	7
1540789898644	6
1540789898649	2
1540789898650	5
1540789898651	5
1540789898650	6
1540789898656	1
1540789898657	2
1540789898655	5
1540789898656	4
1540789898660	1
1540789898659	5
1540789898660	20
1540789898680	2
1540789898664	18
1540789898682	1
1540789898664	24
1540789898683	6
1540789898682	8
1540789898697	6
1540789898697	6
1540789898697	6
1540789898703	2
1540789898705	2
1540789898704	4
1540789898704	5
1540789898708	2
1540789898709	1
1540789898710	2
1540789898710	2
1540789898707	6
1540789898712	6
1540789898712	6
1540789898713	5
1540789898718	6
1540789898718	8
1540789898719	7
1540789898726	1
1540789898724	4
1540789898727	2
1540789898728	2
1540789898730	2
1540789898726	6
1540789898732	1
1540789898729	5
1540789898733	2
1540789898732	8
1540789898735	10
1540789898735	10
1540789898745	5
1540789898745	7
1540789898745	7
1540789898752	2
1540789898754	1
1540789898750	5
1540789898755	2
1540789898752	5
1540789898757	2
1540789898758	1
1540789898755	5
1540789898759	2
1540789898759	6
1540789898760	7
1540789898761	6
1540789898765	5
1540789898777	5
1540789898782	2
1540789898777	7
1540789898777	7
1540789898784	1
1540789898784	2
1540789898786	1
1540789898784	5
1540789898789	1
1540789898785	6
1540789898790	2
1540789898787	6
1540789898791	6
1540789898792	7
1540789898793	6
1540789898797	5
1540789898802	1
1540789898803	2
1540789898799	8
1540789898799	8
1540789898817	7
1540789898817	7
1540789898824	5
1540789898817	13
1540789898824	6
1540789898830	2
1540789898830	2
1540789898829	4
1540789898833	2
1540789898835	2
1540789898832	6
1540789898832	9
1540789898837	6
1540789898838	7
1540789898841	5
1540789898843	5
1540789898845	5
1540789898850	2
1540789898846	6
1540789898852	1
1540789898852	2
1540789898848	6
1540789898854	1
1540789898854	1
1540789898856	1
1540789898853	4
1540789898855	5
1540789898861	5
1540789898861	5
1540789898861	6
1540789898866	6
1540789898866	6
1540789898867	5
1540789898872	1
1540789898872	2
1540789898873	2
1540789898874	2
1540789898872	5
1540789898877	1
1540789898875	6
1540789898876	6
1540789898881	1
1540789898881	5
1540789898882	6
1540789898882	8
1540789898886	6
1540789898892	1
1540789898888	5
1540789898893	2
1540789898893	2
1540789898890	5
1540789898895	1
1540789898895	5
1540789898895	7
1540789898896	6
1540789898900	4
1540789898909	1
1540789898910	2
1540789898909	5
1540789898909	6
1540789898915	1
1540789898916	2
1540789898914	6
1540789898914	7
1540789898921	2
1540789898923	1
1540789898920	5
1540789898920	6
1540789898924	7
1540789898925	7
1540789898926	6
1540789898932	1
1540789898934	1
1540789898931	5
1540789898932	5
1540789898937	2
1540789898939	1
1540789898935	6
1540789898936	6
1540789898942	1
1540789898943	2
1540789898940	6
1540789898941	5
1540789898945	7
1540789898946	13
1540789898946	13
1540789898959	1
1540789898960	2
1540789898952	12
1540789898959	6
1540789898965	2
1540789898962	6
1540789898967	1
1540789898964	6
1540789898970	1
1540789898968	4
1540789898972	2
1540789898968	6
1540789898972	5
1540789898977	2
1540789898974	6
1540789898979	1
1540789898974	7
1540789898980	6
1540789898986	1
1540789898980	8
1540789898981	7
1540789898987	2
1540789898988	5
1540789898988	5
1540789898989	5
1540789898994	2
1540789898996	1
1540789898993	6
1540789898999	1
1540789898994	7
1540789899000	2
1540789898997	7
1540789899001	5
1540789899006	1
1540789899002	6
1540789899007	2
1540789899004	5
1540789899008	5
1540789899009	5
1540789899009	5
1540789899014	2
1540789899016	2
1540789899013	5
1540789899018	1
1540789899014	6
1540789899019	2
1540789899018	4
1540789899020	4
1540789899024	2
1540789899026	1
1540789899021	7
1540789899022	6
1540789899027	5
1540789899028	6
1540789899028	7
1540789899035	1
1540789899032	6
1540789899036	3
1540789899034	6
1540789899040	2
1540789899042	1
1540789899038	6
1540789899044	1
1540789899039	7
1540789899045	2
1540789899043	5
1540789899046	6
1540789899047	7
1540789899048	6
1540789899052	4
1540789899056	2
1540789899058	1
1540789899054	5
1540789899054	7
1540789899061	2
1540789899059	6
1540789899063	2
1540789899060	6
1540789899067	1
1540789899065	4
1540789899065	5
1540789899068	3
1540789899069	7
1540789899070	6
1540789899071	6
1540789899076	1
1540789899077	2
1540789899076	5
1540789899077	4
1540789899081	2
1540789899079	5
1540789899083	2
1540789899081	5
1540789899086	2
1540789899088	1
1540789899084	5
1540789899085	6
1540789899089	5
1540789899089	6
1540789899094	1
1540789899095	2
1540789899091	6
1540789899095	6
1540789899097	6
1540789899097	6
1540789899103	2
1540789899101	4
1540789899105	1
1540789899105	2
1540789899107	1
1540789899103	5
1540789899106	6
1540789899108	6
1540789899108	7
1540789899115	1
1540789899112	5
1540789899116	2
1540789899114	7
1540789899117	5
1540789899118	6
1540789899122	2
1540789899121	5
1540789899124	2
1540789899126	1
1540789899127	2
1540789899124	5
1540789899126	5
1540789899129	4
1540789899129	6
1540789899135	1
1540789899131	5
1540789899136	2
1540789899133	6
1540789899136	5
1540789899141	2
1540789899138	5
1540789899143	1
1540789899139	6
1540789899145	2
1540789899147	1
1540789899143	5
1540789899144	5
1540789899148	5
1540789899149	5
1540789899149	5
1540789899154	1
1540789899155	2
1540789899153	6
1540789899154	7
1540789899157	5
1540789899161	2
1540789899163	1
1540789899159	7
1540789899166	1
1540789899162	6
1540789899167	2
1540789899164	6
1540789899168	5
1540789899169	5
1540789899173	2
1540789899170	6
1540789899175	1
1540789899174	6
1540789899176	6
1540789899176	6
1540789899182	2
1540789899180	4
1540789899184	1
1540789899184	2
1540789899182	6
1540789899186	2
1540789899186	5
1540789899188	5
1540789899188	6
1540789899194	1
1540789899191	5
1540789899195	2
1540789899194	6
1540789899197	5
1540789899196	6
1540789899202	2
1540789899200	4
1540789899204	1
1540789899204	2
1540789899206	1
1540789899202	6
1540789899205	6
1540789899208	5
1540789899208	6
1540789899214	1
1540789899215	2
1540789899211	6
1540789899213	6
1540789899217	4
1540789899217	6
1540789899223	1
1540789899219	6
1540789899224	2
1540789899225	2
1540789899221	6
1540789899227	2
1540789899226	6
1540789899227	5
1540789899232	1
1540789899229	6
1540789899234	1
1540789899232	5
1540789899235	6
1540789899235	8
1540789899237	6
1540789899243	1
1540789899241	4
1540789899245	2
1540789899245	2
1540789899243	5
1540789899248	2
1540789899247	6
1540789899248	7
1540789899250	7
1540789899255	3
1540789899253	6
1540789899258	1
1540789899257	5
1540789899259	6
1540789899265	1
1540789899259	8
1540789899266	2
1540789899262	7
1540789899269	1
1540789899271	1
1540789899267	7
1540789899268	6
1540789899272	7
1540789899274	7
1540789899274	7
1540789899281	2
1540789899279	5
1540789899283	1
1540789899281	5
1540789899285	4
1540789899285	6
1540789899291	2
1540789899293	1
1540789899291	4
1540789899295	2
1540789899291	6
1540789899294	6
1540789899305	6
1540789899305	8
1540789899305	8
1540789899313	2
1540789899315	1
1540789899311	6
1540789899313	6
1540789899319	2
1540789899321	2
1540789899318	6
1540789899318	7
1540789899325	1
1540789899326	2
1540789899323	6
1540789899324	5
1540789899328	5
1540789899329	6
1540789899329	8
1540789899337	1
1540789899333	6
1540789899338	2
1540789899335	6
1540789899341	1
1540789899342	2
1540789899339	6
1540789899340	6
1540789899345	2
1540789899347	1
1540789899344	7
1540789899346	7
1540789899348	6
1540789899351	6
1540789899357	5
1540789899354	8
1540789899362	13
1540789899353	7
1540789899375	2
1540789899377	2
1540789899362	18
1540789899379	2
1540789899380	2
1540789899377	5
1540789899382	2
1540789899381	4
1540789899382	5
1540789899384	5
1540789899385	6
1540789899387	6
1540789899393	2
1540789899389	6
1540789899395	1
1540789899391	6
1540789899397	2
1540789899399	1
1540789899395	5
1540789899396	5
1540789899400	2
1540789899402	1
1540789899400	5
1540789899401	6
1540789899403	6
1540789899405	5
1540789899407	5
1540789899409	5
1540789899412	2
1540789899414	1
1540789899410	6
1540789899416	1
1540789899417	2
1540789899414	5
1540789899419	1
1540789899415	6
1540789899419	5
1540789899420	4
1540789899421	5
1540789899424	4
1540789899424	6
1540789899426	6
1540789899429	4
1540789899432	2
1540789899433	2
1540789899434	1
1540789899430	5
1540789899435	1
1540789899435	5
1540789899435	7
1540789899436	6
1540789899442	1
1540789899440	4
1540789899443	2
1540789899442	4
1540789899444	5
1540789899445	4
1540789899449	1
1540789899450	2
1540789899446	6
1540789899452	2
1540789899450	4
1540789899454	1
1540789899452	5
1540789899454	6
1540789899460	2
1540789899457	5
1540789899455	7
1540789899462	3
1540789899462	6
1540789899468	1
1540789899462	8
1540789899465	5
1540789899469	2
1540789899470	6
1540789899476	1
1540789899471	6
1540789899470	7
1540789899477	2
1540789899477	8
1540789899478	9
1540789899487	2
1540789899479	11
1540789899489	1
1540789899485	5
1540789899490	2
1540789899492	2
1540789899490	6
1540789899494	5
1540789899490	9
1540789899496	5
1540789899501	2
1540789899499	5
1540789899503	1
1540789899500	5
1540789899504	5
1540789899505	5
1540789899504	6
1540789899510	2
1540789899510	2
1540789899509	7
1540789899512	5
1540789899512	5
1540789899516	5
1540789899517	5
1540789899517	5
1540789899521	2
1540789899523	1
1540789899522	5
1540789899524	5
1540789899522	7
1540789899527	5
1540789899532	2
1540789899529	6
1540789899529	7
1540789899534	2
1540789899536	1
1540789899537	2
1540789899535	5
1540789899540	1
1540789899536	6
1540789899541	2
1540789899539	5
1540789899542	6
1540789899543	6
1540789899544	5
1540789899548	4
1540789899552	2
1540789899549	6
1540789899549	7
1540789899555	2
1540789899556	2
1540789899558	1
1540789899555	5
1540789899560	2
1540789899557	5
1540789899562	1
1540789899559	6
1540789899565	5
1540789899565	7
1540789899565	7
1540789899570	6
1540789899576	1
1540789899572	6
1540789899572	6
1540789899577	2
1540789899578	1
1540789899579	2
1540789899578	7
1540789899579	7
1540789899581	5
1540789899585	2
1540789899587	2
1540789899586	5
1540789899586	8
1540789899589	5
1540789899591	6
1540789899597	1
1540789899598	2
1540789899594	7
1540789899594	7
1540789899601	1
1540789899602	3
1540789899600	6
1540789899601	6
1540789899608	1
1540789899609	2
1540789899605	6
1540789899606	6
1540789899611	5
1540789899611	7
1540789899612	6
1540789899618	1
1540789899616	4
1540789899619	2
1540789899618	6
1540789899624	1
1540789899620	6
1540789899621	5
1540789899625	2
1540789899626	1
1540789899627	2
1540789899626	6
1540789899627	7
1540789899629	5
1540789899632	4
1540789899636	2
1540789899634	6
1540789899638	2
1540789899634	6
1540789899640	4
1540789899640	5
1540789899640	5
1540789899644	2
1540789899645	2
1540789899646	1
1540789899647	2
1540789899645	5
1540789899647	6
1540789899649	7
1540789899650	7
1540789899657	2
1540789899653	6
1540789899659	1
1540789899656	5
1540789899659	6
1540789899665	1
1540789899661	5
1540789899666	2
1540789899666	2
1540789899660	9
1540789899668	2
1540789899668	5
1540789899669	6
1540789899670	7
1540789899673	6
1540789899675	6
1540789899681	1
1540789899677	6
1540789899682	2
1540789899679	6
1540789899685	1
1540789899686	2
1540789899683	6
1540789899684	5
1540789899689	1
1540789899690	2
1540789899688	6
1540789899689	5
1540789899692	8
1540789899694	6
1540789899694	6
1540789899700	2
1540789899702	1
1540789899700	5
1540789899700	5
1540789899705	2
1540789899707	1
1540789899703	6
1540789899705	5
1540789899710	1
1540789899711	2
1540789899708	6
1540789899709	5
1540789899713	7
1540789899714	6
1540789899714	6
1540789899720	2
1540789899722	2
1540789899720	4
1540789899720	6
1540789899726	2
1540789899724	5
1540789899728	2
1540789899724	7
1540789899731	2
1540789899729	4
1540789899733	1
1540789899730	5
1540789899733	4
1540789899737	2
1540789899734	6
1540789899739	2
1540789899735	7
1540789899740	5
1540789899741	6
1540789899742	7
1540789899749	1
1540789899745	5
1540789899750	2
1540789899750	2
1540789899747	6
1540789899752	2
1540789899752	7
1540789899754	7
1540789899753	8
1540789899761	2
1540789899759	5
1540789899763	2
1540789899761	5
1540789899764	5
1540789899769	1
1540789899765	6
1540789899770	2
1540789899766	7
1540789899773	2
1540789899775	2
1540789899771	6
1540789899772	6
1540789899777	7
1540789899778	8
1540789899777	9
1540789899786	3
1540789899784	5
1540789899789	1
1540789899786	6
1540789899792	2
1540789899789	5
1540789899794	1
1540789899794	2
1540789899790	6
1540789899796	1
1540789899795	7
1540789899796	7
1540789899797	7
1540789899802	6
1540789899803	7
1540789899804	6
1540789899810	2
1540789899808	4
1540789899812	1
1540789899813	1
1540789899814	2
1540789899810	6
1540789899816	2
1540789899813	6
1540789899818	2
1540789899816	4
1540789899819	6
1540789899820	5
1540789899821	4
1540789899825	4
1540789899829	2
1540789899831	1
1540789899825	8
1540789899825	8
1540789899833	1
1540789899834	2
1540789899832	6
1540789899833	6
1540789899839	2
1540789899841	1
1540789899836	6
1540789899838	7
1540789899842	8
1540789899842	8
1540789899845	6
1540789899851	1
1540789899852	2
1540789899850	7
1540789899850	9
1540789899857	2
1540789899859	1
1540789899854	7
1540789899859	5
1540789899865	1
1540789899860	6
1540789899861	5
1540789899866	2
1540789899866	12
1540789899878	2
1540789899866	16
1540789899868	14
1540789899881	1
1540789899882	24
1540789899882	24
1540789899882	24
1540789899906	2
1540789899908	1
1540789899906	6
1540789899906	8
1540789899914	2
1540789899909	8
1540789899916	2
1540789899912	7
1540789899919	1
1540789899917	5
1540789899918	5
1540789899920	4
1540789899922	7
1540789899923	8
1540789899924	7
1540789899929	3
1540789899932	2
1540789899931	5
1540789899931	6
1540789899936	2
1540789899938	1
1540789899934	6
1540789899937	5
1540789899942	2
1540789899939	6
1540789899940	5
1540789899944	1
1540789899945	4
1540789899945	5
1540789899945	5
1540789899950	2
1540789899952	1
1540789899949	6
1540789899950	6
1540789899955	2
1540789899953	4
1540789899957	1
1540789899956	4
1540789899957	5
1540789899960	2
1540789899958	6
1540789899962	3
1540789899962	7
1540789899969	1
1540789899964	6
1540789899965	6
1540789899970	2
1540789899971	5
1540789899976	2
1540789899971	7
1540789899972	7
1540789899978	1
1540789899978	6
1540789899979	6
1540789899979	6
1540789899984	3
1540789899987	1
1540789899985	5
1540789899985	5
1540789899990	1
1540789899991	2
1540789899988	8
1540789899993	5
1540789899990	8
1540789899998	2
1540789899996	4
1540789900000	7
1540789899998	12
1540789900000	12
1540789900012	2
1540789900007	7
1540789900014	2
1540789900010	7
1540789900017	1
1540789900018	2
1540789900014	6
1540789900016	5
1540789900020	5
1540789900020	7
1540789900021	6
1540789900025	4
1540789900027	2
1540789900029	3
1540789900027	6
1540789900033	2
1540789900029	6
1540789900035	1
1540789900035	2
1540789900032	6
1540789900037	2
1540789900036	7
1540789900039	7
1540789900038	8
1540789900043	5
1540789900046	6
1540789900048	6
1540789900046	9
1540789900054	2
1540789900052	5
1540789900055	2
1540789900056	2
1540789900057	1
1540789900057	2
1540789900058	2
1540789900058	5
1540789900060	5
1540789900059	6
1540789900064	4
1540789900065	6
1540789900068	5
1540789900065	8
1540789900073	2
1540789900071	5
1540789900075	1
1540789900076	1
1540789900077	2
1540789900073	6
1540789900079	2
1540789900076	5
1540789900081	2
1540789900079	5
1540789900081	5
1540789900083	6
1540789900084	6
1540789900086	6
1540789900092	2
1540789900094	1
1540789900089	7
1540789900090	8
1540789900098	2
1540789900095	6
1540789900100	2
1540789900096	7
1540789900103	1
1540789900104	2
1540789900101	6
1540789900102	7
1540789900106	6
1540789900107	7
1540789900109	6
1540789900114	2
1540789900112	5
1540789900116	2
1540789900115	6
1540789900121	2
1540789900117	6
1540789900123	1
1540789900123	2
1540789900118	8
1540789900125	1
1540789900124	5
1540789900126	6
1540789900129	5
1540789900126	8
1540789900132	5
1540789900137	1
1540789900138	2
1540789900134	6
1540789900134	7
1540789900141	1
1540789900142	2
1540789900140	5
1540789900140	5
1540789900145	2
1540789900147	2
1540789900144	5
1540789900145	5
1540789900149	7
1540789900151	5
1540789900149	7
1540789900156	3
1540789900156	4
1540789900159	2
1540789900156	6
1540789900162	2
1540789900160	5
1540789900164	1
1540789900165	1
1540789900161	5
1540789900166	2
1540789900165	5
1540789900166	6
1540789900168	6
1540789900170	6
1540789900172	6
1540789900174	4
1540789900178	1
1540789900176	4
1540789900179	3
1540789900180	2
1540789900182	2
1540789900178	7
1540789900185	2
1540789900182	5
1540789900187	1
1540789900184	5
1540789900187	6
1540789900190	5
1540789900188	7
1540789900193	4
1540789900197	2
1540789900199	1
1540789900195	6
1540789900195	7
1540789900201	1
1540789900202	2
1540789900200	6
1540789900202	4
1540789900207	1
1540789900204	5
1540789900208	2
1540789900206	5
1540789900209	6
1540789900210	7
1540789900211	6
1540789900217	2
1540789900219	2
1540789900215	6
1540789900221	2
1540789900217	6
1540789900223	1
1540789900221	6
1540789900224	5
1540789900223	6
1540789900229	3
1540789900232	1
1540789900227	8
1540789900229	8
1540789900235	8
1540789900233	10
1540789900243	1
1540789900244	2
1540789900237	11
1540789900243	5
1540789900248	2
1540789900250	1
1540789900246	5
1540789900248	5
1540789900253	2
1540789900251	5
1540789900255	2
1540789900251	6
1540789900256	4
1540789900257	6
1540789900257	6
1540789900263	1
1540789900261	4
1540789900264	2
1540789900265	2
1540789900263	5
1540789900267	2
1540789900266	5
1540789900269	4
1540789900268	7
1540789900275	1
1540789900271	6
1540789900273	6
1540789900276	3
1540789900277	5
1540789900282	2
1540789900279	5
1540789900279	6
1540789900284	1
1540789900284	1
1540789900285	2
1540789900285	5
1540789900285	6
1540789900287	6
1540789900290	4
1540789900294	2
1540789900291	5
1540789900296	2
1540789900293	5
1540789900296	5
1540789900301	2
1540789900298	6
1540789900303	1
1540789900299	5
1540789900304	3
1540789900307	1
1540789900304	5
1540789900304	6
1540789900308	5
1540789900309	6
1540789900315	1
1540789900311	6
1540789900316	2
1540789900313	6
1540789900317	4
1540789900321	2
1540789900318	6
1540789900323	1
1540789900319	6
1540789900325	1
1540789900326	1
1540789900324	4
1540789900324	6
1540789900327	6
1540789900329	5
1540789900330	6
1540789900334	2
1540789900336	2
1540789900333	5
1540789900336	4
1540789900340	2
1540789900338	6
1540789900343	1
1540789900338	8
1540789900346	1
1540789900347	2
1540789900344	5
1540789900344	6
1540789900349	6
1540789900350	6
1540789900349	7
1540789900356	2
1540789900358	2
1540789900355	5
1540789900356	5
1540789900361	2
1540789900363	1
1540789900360	5
1540789900360	6
1540789900365	2
1540789900367	2
1540789900364	8
1540789900369	5
1540789900366	8
1540789900372	4
1540789900374	6
1540789900380	2
1540789900376	6
1540789900374	8
1540789900382	2
1540789900382	2
1540789900384	2
1540789900382	6
1540789900384	5
1540789900388	1
1540789900389	2
1540789900386	5
1540789900389	5
1540789900391	5
1540789900391	7
1540789900394	6
1540789900396	5
1540789900400	2
1540789900398	5
1540789900402	2
1540789900403	2
1540789900405	1
1540789900401	6
1540789900404	5
1540789900407	3
1540789900410	2
1540789900406	6
1540789900409	7
1540789900412	6
1540789900412	6
1540789900416	5
1540789900421	2
1540789900418	6
1540789900423	2
1540789900424	1
1540789900418	8
1540789900425	2
1540789900425	4
1540789900426	5
1540789900431	2
1540789900427	6
1540789900433	2
1540789900430	6
1540789900433	5
1540789900435	5
1540789900436	5
1540789900441	2
1540789900438	6
1540789900443	1
1540789900444	1
1540789900440	6
1540789900445	2
1540789900444	5
1540789900446	5
1540789900451	1
1540789900447	6
1540789900452	2
1540789900449	8
1540789900453	5
1540789900454	6
1540789900457	6
1540789900463	2
1540789900458	7
1540789900460	6
1540789900465	2
1540789900465	3
1540789900468	2
1540789900466	5
1540789900471	2
1540789900467	6
1540789900473	1
1540789900470	6
1540789900473	7
1540789900474	8
1540789900476	6
1540789900480	5
1540789900485	2
1540789900487	1
1540789900482	6
1540789900482	7
1540789900488	2
1540789900490	2
1540789900488	5
1540789900489	5
1540789900494	1
1540789900495	2
1540789900492	5
1540789900493	5
1540789900497	7
1540789900497	7
1540789900498	7
1540789900505	1
1540789900506	2
1540789900504	4
1540789900504	7
1540789900511	1
1540789900508	5
1540789900512	2
1540789900509	7
1540789900516	1
1540789900517	2
1540789900513	7
1540789900514	8
1540789900519	5
1540789900520	5
1540789900525	2
1540789900522	6
1540789900527	1
1540789900524	6
1540789900528	5
1540789900528	6
1540789900533	1
1540789900534	2
1540789900530	6
1540789900536	1
1540789900538	1
1540789900534	6
1540789900536	6
1540789900539	6
1540789900540	6
1540789900546	2
1540789900542	6
1540789900548	1
1540789900545	5
1540789900548	4
1540789900552	2
1540789900554	2
1540789900549	7
1540789900550	8
1540789900558	1
1540789900560	1
1540789900558	5
1540789900558	6
1540789900561	8
1540789900563	6
1540789900564	5
1540789900569	2
1540789900571	2
1540789900569	4
1540789900569	5
1540789900574	2
1540789900576	1
1540789900573	5
1540789900573	5
1540789900579	1
1540789900577	7
1540789900584	1
1540789900578	8
1540789900584	4
1540789900588	6
1540789900585	7
1540789900586	7
1540789900594	1
1540789900594	2
1540789900595	2
1540789900596	1
1540789900594	5
1540789900598	6
1540789900598	6
1540789900604	4
1540789900608	2
1540789900604	6
1540789900604	7
1540789900610	2
1540789900611	5
1540789900610	7
1540789900612	5
1540789900616	2
1540789900617	1
1540789900618	1
1540789900619	1
1540789900617	5
1540789900619	7
1540789900620	8
1540789900629	4
1540789900633	1
1540789900629	6
1540789900629	6
1540789900634	2
1540789900635	6
1540789900635	6
1540789900636	5
1540789900641	1
1540789900641	2
1540789900642	3
1540789900643	2
1540789900641	5
1540789900645	7
1540789900646	8
1540789900645	9
1540789900654	2
1540789900652	5
1540789900656	2
1540789900654	6
1540789900657	5
1540789900658	5
1540789900662	2
1540789900660	5
1540789900664	2
1540789900665	1
1540789900666	2
1540789900663	8
1540789900666	7
1540789900668	5
1540789900671	6
1540789900677	1
1540789900673	7
1540789900678	2
1540789900674	6
1540789900680	5
1540789900680	6
1540789900680	6
1540789900685	1
1540789900686	1
1540789900686	2
1540789900687	2
1540789900686	6
1540789900688	6
1540789900689	7
1540789900692	5
1540789900694	7
1540789900697	4
1540789900696	6
1540789900701	2
1540789900701	5
1540789900706	2
1540789900702	6
1540789900708	2
1540789900703	7
1540789900708	2
1540789900710	2
1540789900710	6
1540789900710	7
1540789900712	5
1540789900716	5
1540789900721	1
1540789900717	6
1540789900717	6
1540789900722	2
1540789900723	6
1540789900729	2
1540789900724	7
1540789900723	9
1540789900731	1
1540789900732	1
1540789900733	2
1540789900732	4
1540789900732	6
1540789900735	6
1540789900736	7
1540789900743	1
1540789900738	7
1540789900741	6
1540789900746	6
1540789900746	6
1540789900747	7
1540789900753	2
1540789900755	1
1540789900754	2
1540789900756	2
1540789900753	5
1540789900756	6
1540789900758	6
1540789900758	6
1540789900762	6
1540789900764	6
1540789900764	6
1540789900770	2
1540789900768	4
1540789900770	7
1540789900777	1
1540789900777	2
1540789900777	2
1540789900779	1
1540789900779	1
1540789900778	6
1540789900780	7
1540789900781	6
1540789900787	7
1540789900787	8
1540789900787	8
1540789900794	6
1540789900800	2
1540789900795	8
1540789900796	7
1540789900802	2
1540789900803	2
1540789900803	2
1540789900805	1
1540789900805	2
1540789900804	6
1540789900806	6
1540789900807	6
1540789900810	5
1540789900812	5
1540789900813	6
1540789900815	6
1540789900817	6
1540789900821	2
1540789900823	1
1540789900823	2
1540789900819	6
1540789900824	2
1540789900825	2
1540789900827	2
1540789900825	5
1540789900827	6
1540789900832	6
1540789900832	6
1540789900833	6
1540789900838	6
1540789900839	7
1540789900839	7
1540789900846	2
1540789900846	2
1540789900844	4
1540789900848	1
1540789900848	1
1540789900848	2
1540789900850	2
1540789900849	5
1540789900850	6
1540789900852	6
1540789900854	6
1540789900856	6
1540789900858	5
1540789900860	5
1540789900865	1
1540789900866	2
1540789900863	6
1540789900862	8
1540789900869	2
1540789900870	2
1540789900871	2
1540789900868	6
1540789900872	2
1540789900873	6
1540789900874	8
1540789900874	13
1540789900880	9
1540789900887	5
1540789900882	12
1540789900889	5
1540789900892	3
1540789900895	1
1540789900894	2
1540789900896	2
1540789900894	7
1540789900901	1
1540789900896	6
1540789900902	2
1540789900898	6
1540789900902	7
1540789900904	6
1540789900904	6
1540789900909	6
1540789900915	2
1540789900910	8
1540789900910	8
1540789900917	2
1540789900918	2
1540789900920	2
1540789900918	7
1540789900919	7
1540789900925	2
1540789900922	6
1540789900927	2
1540789900926	6
1540789900929	5
1540789900928	6
1540789900932	5
1540789900937	2
1540789900934	6
1540789900939	1
1540789900934	6
1540789900940	2
1540789900942	1
1540789900940	5
1540789900940	5
1540789900945	1
1540789900946	2
1540789900943	7
1540789900945	5
1540789900948	5
1540789900950	6
1540789900950	8
1540789900953	5
1540789900958	2
1540789900956	4
1540789900960	1
1540789900960	2
1540789900962	1
1540789900958	6
1540789900964	1
1540789900961	5
1540789900965	2
1540789900963	6
1540789900966	6
1540789900967	7
1540789900969	5
1540789900972	4
1540789900976	3
1540789900974	6
1540789900979	2
1540789900974	7
1540789900981	2
1540789900980	4
1540789900983	1
1540789900981	5
1540789900984	2
1540789900986	2
1540789900985	4
1540789900986	7
1540789900988	6
1540789900989	6
1540789900993	5
1540789900998	2
1540789900994	7
1540789901000	2
1540789900995	10
1540789901001	5
1540789901005	2
1540789901006	1
1540789901002	6
1540789901007	1
1540789901007	2
1540789901008	4
1540789901009	6
1540789901009	6
1540789901012	5
1540789901017	2
1540789901019	1
1540789901015	6
1540789901015	7
1540789901021	6
1540789901022	6
1540789901028	2
1540789901030	1
1540789901027	5
1540789901021	12
1540789901033	2
1540789901035	1
1540789901032	5
1540789901032	5
1540789901037	2
1540789901039	1
1540789901036	5
1540789901037	5
1540789901040	6
1540789901041	7
1540789901042	8
1540789901050	2
1540789901046	6
1540789901052	1
1540789901048	6
1540789901054	1
1540789901052	4
1540789901055	2
1540789901053	5
1540789901057	2
1540789901059	2
1540789901057	4
1540789901058	6
1540789901061	5
1540789901061	6
1540789901064	5
1540789901069	2
1540789901071	1
1540789901067	6
1540789901073	1
1540789901066	9
1540789901074	2
1540789901072	5
1540789901075	6
1540789901081	1
1540789901076	7
1540789901077	6
1540789901082	2
1540789901083	6
1540789901083	7
1540789901084	6
1540789901089	2
1540789901091	1
1540789901090	8
1540789901090	10
1540789901092	8
1540789901100	2
1540789901102	1
1540789901098	6
1540789901104	2
1540789901100	6
1540789901106	2
1540789901103	6
1540789901106	6
1540789901109	5
1540789901108	6
1540789901121	2
1540789901123	1
1540789901121	7
1540789901121	9
1540789901124	6
1540789901128	5
1540789901137	2
1540789901137	2
1540789901139	2
1540789901139	2
1540789901137	6
1540789901141	6
1540789901141	8
1540789901143	6
1540789901153	2
1540789901155	1
1540789901153	6
1540789901153	7
1540789901157	5
1540789901159	6
1540789901160	6
1540789901169	1
1540789901171	1
1540789901169	5
1540789901169	6
1540789901175	2
1540789901172	7
1540789901174	6
1540789901185	1
1540789901186	2
1540789901185	6
1540789901185	7
1540789901188	6
1540789901191	6
1540789901192	8
1540789901194	8
1540789901205	3
1540789901208	1
1540789901205	6
1540789901205	7
1540789901211	2
1540789901212	1
1540789901213	1
1540789901209	6
1540789901213	10
1540789901214	13
1540789901223	6
1540789901215	15
1540789901227	5
1540789901230	5
1540789901235	4
1540789901232	7
1540789901229	10
1540789901239	1
1540789901239	1
1540789901241	1
1540789901239	6
1540789901240	6
1540789901245	1
1540789901246	2
1540789901246	7
1540789901242	11
1540789901253	5
1540789901253	5
1540789901248	11
1540789901258	2
1540789901260	1
1540789901258	6
1540789901259	6
1540789901264	2
1540789901266	2
1540789901261	7
1540789901265	5
1540789901270	1
1540789901268	5
1540789901271	2
1540789901268	5
1540789901273	4
1540789901273	6
1540789901273	6
1540789901279	2
1540789901277	5
1540789901281	1
1540789901282	1
1540789901279	6
1540789901283	2
1540789901282	6
1540789901285	5
1540789901285	7
1540789901288	6
1540789901292	2
1540789901294	2
1540789901290	6
1540789901294	6
1540789901300	1
1540789901296	5
1540789901296	6
1540789901301	2
1540789901301	3
1540789901304	1
1540789901302	4
1540789901303	6
1540789901306	6
1540789901305	7
1540789901309	5
1540789901312	2
1540789901314	2
1540789901312	5
1540789901314	6
1540789901320	2
1540789901316	6
1540789901317	6
1540789901322	2
1540789901323	1
1540789901324	2
1540789901323	5
1540789901324	6
1540789901326	6
1540789901328	5
1540789901333	2
1540789901330	5
1540789901335	1
1540789901332	5
1540789901335	6
1540789901341	1
1540789901336	7
1540789901337	6
1540789901342	2
1540789901343	2
1540789901345	1
1540789901343	6
1540789901344	6
1540789901346	6
1540789901349	5
1540789901354	1
1540789901350	6
1540789901356	1
1540789901352	6
1540789901356	4
1540789901360	2
1540789901362	1
1540789901357	7
1540789901358	8
1540789901366	1
1540789901364	5
1540789901364	5
1540789901367	2
1540789901369	6
1540789901370	7
1540789901369	8
1540789901377	2
1540789901379	1
1540789901375	6
1540789901381	1
1540789901377	6
1540789901382	3
1540789901380	5
1540789901383	5
1540789901388	2
1540789901385	6
1540789901385	6
1540789901390	2
1540789901391	6
1540789901397	1
1540789901391	8
1540789901392	7
1540789901398	2
1540789901399	5
1540789901404	2
1540789901399	8
1540789901400	7
1540789901406	2
1540789901407	6
1540789901413	1
1540789901407	8
1540789901408	7
1540789901414	2
1540789901415	6
1540789901421	1
1540789901416	7
1540789901415	8
1540789901422	2
1540789901423	6
1540789901423	6
1540789901424	6
1540789901429	2
1540789901431	1
1540789901429	8
1540789901437	1
1540789901432	7
1540789901430	9
1540789901438	2
1540789901439	5
1540789901439	7
1540789901440	7
1540789901446	2
1540789901448	2
1540789901447	5
1540789901444	10
1540789901454	1
1540789901450	6
1540789901455	2
1540789901452	9
1540789901456	6
1540789901461	3
1540789901464	1
1540789901457	9
1540789901462	6
1540789901468	1
1540789901465	5
1540789901469	2
1540789901466	6
1540789901470	6
1540789901471	7
1540789901472	6
1540789901478	2
1540789901476	4
1540789901480	1
1540789901480	2
1540789901478	6
1540789901484	4
1540789901482	6
1540789901481	7
1540789901488	2
1540789901490	2
1540789901488	4
1540789901488	6
1540789901492	5
1540789901492	6
1540789901494	7
1540789901501	1
1540789901502	2
1540789901497	7
1540789901498	8
1540789901506	2
1540789901504	5
1540789901508	2
1540789901504	7
1540789901511	1
1540789901512	2
1540789901509	6
1540789901510	6
1540789901514	6
1540789901515	6
1540789901516	5
1540789901521	1
1540789901522	2
1540789901520	5
1540789901521	5
1540789901526	2
1540789901524	6
1540789901528	2
1540789901525	6
1540789901531	2
1540789901533	1
1540789901530	5
1540789901530	6
1540789901534	8
1540789901535	7
1540789901542	2
1540789901544	2
1540789901542	6
1540789901546	6
1540789901548	4
1540789901552	2
1540789901554	1
1540789901552	4
1540789901555	6
1540789901556	6
1540789901562	2
1540789901564	2
1540789901561	5
1540789901566	6
1540789901566	7
1540789901572	2
1540789901574	2
1540789901573	4
1540789901576	7
1540789901577	8
1540789901585	3
1540789901589	1
1540789901590	7
