1542529343307	117
1542529343307	119
1542529343307	120
1542529343426	37
1542529343424	41
1542529343427	38
1542529343317	158
1542529343463	28
1542529343465	26
1542529343465	27
1542529343362	135
1542529343313	187
1542529343312	188
1542529343307	196
1542529343316	189
1542529343316	190
1542529343316	193
1542529343335	175
1542529343334	182
1542529343309	213
1542529343347	183
1542529343520	27
1542529343520	28
1542529343520	34
1542529343520	34
1542529343521	34
1542529343309	247
1542529343530	26
1542529343521	40
1542529343520	51
1542529343521	62
1542529343521	62
1542529343554	30
1542529343521	62
1542529343555	29
1542529343521	62
1542529343521	62
1542529343555	29
1542529343548	37
1542529343556	28
1542529343522	62
1542529343549	38
1542529343561	26
1542529343556	31
1542529343522	72
1542529343572	29
1542529343584	30
1542529343584	30
1542529343585	36
1542529343584	37
1542529343584	37
1542529343587	35
1542529343585	37
1542529343584	38
1542529343587	35
1542529343584	38
1542529343587	38
1542529343594	33
1542529343615	20
1542529343615	25
1542529343601	39
1542529343621	19
1542529343584	57
1542529343621	25
1542529343621	25
1542529343622	25
1542529343585	62
1542529343622	26
1542529343585	67
1542529343622	30
1542529343625	27
1542529343622	34
1542529343622	36
1542529343628	30
1542529343637	33
1542529343653	44
1542529343640	62
1542529343644	58
1542529343646	58
1542529343640	64
1542529343647	58
1542529343652	53
1542529343646	60
1542529343647	60
1542529343653	56
1542529343648	61
1542529343698	22
1542529343670	51
1542529343658	66
1542529343657	67
1542529343640	90
1542529343704	28
1542529343658	75
1542529343705	29
1542529343705	31
1542529343707	31
1542529343706	34
1542529343704	37
1542529343720	24
1542529343709	41
1542529343732	20
1542529343702	55
1542529343709	50
1542529343734	26
1542529343730	34
1542529343722	44
1542529343702	64
1542529343736	36
1542529343739	33
1542529343744	29
1542529343724	53
1542529343757	23
1542529343741	39
1542529343741	39
1542529343724	64
1542529343733	55
1542529343759	30
1542529343752	37
1542529343750	39
1542529343766	23
1542529343772	17
1542529343760	35
1542529343766	36
1542529343772	33
1542529343777	29
1542529343773	36
1542529343764	48
1542529343780	36
1542529343789	27
1542529343790	27
1542529343789	28
1542529343789	33
1542529343789	35
1542529343795	33
1542529343809	24
1542529343805	31
1542529343806	30
1542529343780	56
1542529343790	46
1542529343780	59
1542529343802	39
1542529343817	24
1542529343816	25
1542529343816	25
1542529343789	54
1542529343812	32
1542529343822	31
1542529343833	21
1542529343824	31
1542529343817	43
1542529343836	28
1542529343836	30
1542529343828	39
1542529343842	28
1542529343844	30
1542529343839	35
1542529343841	35
1542529343836	43
1542529343843	36
1542529343855	25
1542529343853	29
1542529343854	37
1542529343842	50
1542529343842	50
1542529343860	32
1542529343836	59
1542529343864	33
1542529343866	37
1542529343876	32
1542529343867	49
1542529343876	46
1542529343887	36
1542529343880	48
1542529343892	37
1542529343891	38
1542529343892	37
1542529343892	38
1542529343870	60
1542529343895	40
1542529343897	38
1542529343917	18
1542529343903	36
1542529343880	60
1542529343880	61
1542529343876	65
1542529343908	36
1542529343923	28
1542529343923	33
1542529343930	29
1542529343929	32
1542529343929	33
1542529343930	34
1542529343928	37
1542529343936	29
1542529343936	31
1542529343936	33
1542529343929	42
1542529343940	39
1542529343964	20
1542529343961	24
1542529343944	50
1542529343962	32
1542529343951	43
1542529343940	54
1542529343956	38
1542529343944	50
1542529343944	51
1542529343984	35
1542529343965	54
1542529343994	27
1542529343979	42
1542529343967	54
1542529343959	62
1542529343971	51
1542529343970	55
1542529343994	33
1542529343985	43
1542529343994	33
1542529343995	34
1542529343995	36
1542529343994	39
1542529344019	17
1542529343965	77
1542529344019	29
1542529343994	54
1542529344022	31
1542529344028	27
1542529344028	27
1542529344021	37
1542529344036	23
1542529344028	31
1542529344025	35
1542529344021	40
1542529344021	41
1542529344031	31
1542529344029	33
1542529344033	36
1542529344043	27
1542529344021	53
1542529344058	22
1542529344055	29
1542529344049	35
1542529344049	38
1542529344053	42
1542529344062	34
1542529344055	41
1542529344060	36
1542529344060	37
1542529344062	35
1542529344062	41
1542529344069	34
1542529344070	37
1542529344062	47
1542529344084	25
1542529344060	49
1542529344084	28
1542529344074	40
1542529344096	29
1542529344080	49
1542529344096	35
1542529344097	36
1542529344096	39
1542529344103	36
1542529344107	34
1542529344097	44
1542529344103	38
1542529344109	35
1542529344109	37
1542529344087	60
1542529344109	38
1542529344113	34
1542529344114	35
1542529344125	26
1542529344129	29
1542529344133	29
1542529344141	23
1542529344131	34
1542529344095	71
1542529344135	33
1542529344139	30
1542529344141	28
1542529344141	29
1542529344146	24
1542529344144	26
1542529344151	23
1542529344147	28
1542529344159	17
1542529344147	30
1542529344147	34
1542529344149	32
1542529344162	35
1542529344169	28
1542529344165	33
1542529344167	34
1542529344176	25
1542529344169	32
1542529344168	34
1542529344174	28
1542529344171	31
1542529344171	31
1542529344170	32
1542529344175	27
1542529344177	28
1542529344182	24
1542529344181	25
1542529344201	21
1542529344164	62
1542529344198	30
1542529344197	31
1542529344202	27
1542529344202	30
1542529344201	33
1542529344202	33
1542529344205	31
1542529344206	30
1542529344202	34
1542529344202	34
1542529344202	37
1542529344206	39
1542529344222	25
1542529344197	54
1542529344228	31
1542529344233	27
1542529344201	63
1542529344234	30
1542529344228	37
1542529344235	30
1542529344226	42
1542529344229	48
1542529344239	38
1542529344236	41
1542529344245	39
1542529344251	33
1542529344236	50
1542529344236	52
1542529344264	37
1542529344264	38
1542529344236	67
1542529344265	38
1542529344260	46
1542529344277	31
1542529344265	44
1542529344247	62
1542529344259	50
1542529344268	41
1542529344277	32
1542529344301	40
1542529344284	57
1542529344309	32
1542529344302	43
1542529344309	38
1542529344309	38
1542529344286	61
1542529344284	63
1542529344309	39
1542529344306	42
1542529344288	60
1542529344309	39
1542529344308	43
1542529344303	50
1542529344277	78
1542529344303	58
1542529344341	29
1542529344345	30
1542529344348	29
1542529344348	29
1542529344347	30
1542529344341	36
1542529344341	37
1542529344348	30
1542529344351	27
1542529344347	33
1542529344353	29
1542529344348	39
1542529344355	32
1542529344378	24
1542529344378	24
1542529344377	25
1542529344377	25
1542529344361	41
1542529344378	24
1542529344348	55
1542529344377	25
1542529344347	58
1542529344377	29
1542529344375	31
1542529344370	36
1542529344387	25
1542529344380	32
1542529344387	25
1542529344383	33
1542529344403	28
1542529344405	27
1542529344402	33
1542529344402	36
1542529344403	35
1542529344402	36
1542529344403	35
1542529344406	32
1542529344406	33
1542529344406	33
1542529344412	30
1542529344403	45
1542529344403	49
1542529344412	42
1542529344412	43
1542529344433	26
1542529344416	44
1542529344431	34
1542529344435	31
1542529344439	28
1542529344438	29
1542529344439	29
1542529344442	28
1542529344438	35
1542529344438	35
1542529344448	30
1542529344438	45
1542529344452	33
1542529344455	34
1542529344465	29
1542529344438	56
1542529344467	27
1542529344466	28
1542529344460	34
1542529344460	36
1542529344455	51
1542529344468	38
1542529344471	36
1542529344473	34
1542529344483	32
1542529344467	48
1542529344483	38
1542529344494	37
1542529344473	59
1542529344494	42
1542529344494	44
1542529344494	44
1542529344507	31
1542529344494	48
1542529344507	38
1542529344496	49
1542529344506	39
1542529344485	61
1542529344490	56
1542529344516	32
1542529344521	30
1542529344531	28
1542529344532	27
1542529344516	48
1542529344506	58
1542529344536	31
1542529344567	71
1542529344545	92
1542529344564	74
1542529344538	99
1542529344546	91
1542529344551	86
1542529344546	92
1542529344559	79
1542529344545	93
1542529344548	90
1542529344559	79
1542529344543	95
1542529344538	100
1542529344564	74
1542529344538	123
1542529344638	29
1542529344638	28
1542529344638	29
1542529344545	127
1542529344638	35
1542529344638	38
1542529344661	23
1542529344638	47
1542529344638	48
1542529344638	48
1542529344638	56
1542529344638	56
1542529344667	26
1542529344667	26
1542529344639	55
1542529344638	56
1542529344639	55
1542529344638	60
1542529344667	34
1542529344673	37
1542529344673	37
1542529344684	26
1542529344685	27
1542529344676	39
1542529344686	29
1542529344694	26
1542529344694	28
1542529344694	29
1542529344686	40
1542529344694	34
1542529344698	30
1542529344694	34
1542529344710	26
1542529344694	43
1542529344694	47
1542529344701	41
1542529344720	22
1542529344715	31
1542529344722	25
1542529344712	36
1542529344715	36
1542529344736	18
1542529344710	51
1542529344726	35
1542529344728	33
1542529344723	38
1542529344710	52
1542529344737	29
1542529344728	43
1542529344746	26
1542529344741	31
1542529344742	32
1542529344728	47
1542529344747	29
1542529344754	27
1542529344748	33
1542529344761	27
1542529344761	30
1542529344751	45
1542529344762	39
1542529344761	40
1542529344761	40
1542529344742	59
1542529344767	34
1542529344775	29
1542529344771	41
1542529344781	31
1542529344781	33
1542529344802	19
1542529344791	30
1542529344776	49
1542529344788	38
1542529344801	26
1542529344801	30
1542529344773	58
1542529344773	58
1542529344796	35
1542529344801	31
1542529344802	30
1542529344774	59
1542529344821	21
1542529344812	30
1542529344804	38
1542529344821	26
1542529344814	37
1542529344812	44
1542529344825	34
1542529344842	20
1542529344826	40
1542529344831	37
1542529344832	36
1542529344831	37
1542529344842	27
1542529344831	38
1542529344831	41
1542529344833	40
1542529344832	41
1542529344851	24
1542529344827	49
1542529344847	33
1542529344859	27
1542529344842	44
1542529344856	32
1542529344862	40
1542529344868	35
1542529344868	35
1542529344868	35
1542529344869	34
1542529344869	34
1542529344866	37
1542529344873	30
1542529344872	33
1542529344876	38
1542529344886	28
1542529344886	33
1542529344888	32
1542529344880	40
1542529344876	46
1542529344873	49
1542529344903	44
1542529344914	35
1542529344903	48
1542529344903	48
1542529344903	49
1542529344914	38
1542529344903	49
1542529344903	49
1542529344920	33
1542529344903	50
1542529344905	48
1542529344920	38
1542529344920	38
1542529344922	50
1542529344903	70
1542529344950	26
1542529344953	26
1542529344953	27
1542529344951	31
1542529344952	32
1542529344952	32
1542529344952	33
1542529344952	33
1542529344951	34
1542529344953	37
1542529344922	83
1542529344948	57
1542529344973	32
1542529344961	44
1542529344961	44
1542529344972	34
1542529344979	27
1542529344980	37
1542529344985	32
1542529344982	35
1542529344985	32
1542529344985	32
1542529344990	27
1542529344976	46
1542529345005	23
1542529345005	24
1542529344984	46
1542529345005	27
1542529345005	29
1542529345006	31
1542529345006	33
1542529345005	34
1542529344984	56
1542529345017	23
1542529345017	23
1542529345017	23
1542529345017	24
1542529345022	29
1542529345030	28
1542529345040	24
1542529345017	48
1542529345041	24
1542529345040	25
1542529345032	37
1542529345040	30
1542529345040	31
1542529345037	34
1542529345017	54
1542529345028	44
1542529345029	50
1542529345039	41
1542529345051	33
1542529345039	45
1542529345034	52
1542529345064	29
1542529345059	38
1542529345065	32
1542529345065	33
1542529345069	30
1542529345071	33
1542529345071	33
1542529345071	33
1542529345070	35
1542529345072	38
1542529345079	40
1542529345080	39
1542529345065	54
1542529345084	35
1542529345086	34
1542529345084	40
1542529345097	31
1542529345099	30
1542529345097	33
1542529345093	37
1542529345104	29
1542529345098	37
1542529345105	30
1542529345110	29
1542529345119	29
1542529345120	28
1542529345104	49
1542529345104	50
1542529345124	30
1542529345119	35
1542529345119	35
1542529345130	24
1542529345128	28
1542529345119	40
1542529345129	31
1542529345130	35
1542529345139	30
1542529345133	51
1542529345153	58
1542529345154	57
1542529345148	63
1542529345148	63
1542529345154	67
1542529345165	57
1542529345154	68
1542529345135	87
1542529345156	66
1542529345160	62
1542529345184	40
1542529345159	65
1542529345154	70
1542529345135	90
1542529345169	57
1542529345154	75
1542529345211	26
1542529345211	26
1542529345211	32
1542529345222	29
1542529345222	29
1542529345222	29
1542529345221	31
1542529345223	32
1542529345229	29
1542529345224	34
1542529345222	36
1542529345225	33
1542529345226	35
1542529345224	39
1542529345224	39
1542529345211	56
1542529345237	32
1542529345237	32
1542529345243	32
1542529345252	25
1542529345251	29
1542529345251	31
1542529345251	32
1542529345258	26
1542529345255	29
1542529345258	26
1542529345258	27
1542529345262	32
1542529345264	31
1542529345269	27
1542529345269	27
1542529345267	32
1542529345264	38
1542529345258	45
1542529345275	33
1542529345277	31
1542529345285	24
1542529345285	24
1542529345283	29
1542529345282	31
1542529345280	33
1542529345285	29
1542529345294	32
1542529345299	30
1542529345302	29
1542529345303	29
1542529345308	25
1542529345308	28
1542529345314	29
1542529345314	32
1542529345314	32
1542529345332	20
1542529345327	26
1542529345309	47
1542529345331	27
1542529345309	50
1542529345333	26
1542529345329	32
1542529345295	29
1542529345285	39
1542529345336	33
1542529345296	28
1542529345296	30
1542529345312	34
1542529345352	17
1542529345346	23
1542529345343	28
1542529345346	33
1542529345356	25
1542529345353	31
1542529345358	26
1542529345359	29
1542529345369	21
1542529345359	31
1542529345361	35
1542529345369	28
1542529345369	28
1542529345371	26
1542529345369	29
1542529345369	31
1542529345379	33
1542529345369	58
1542529345369	58
1542529345397	30
1542529345388	39
1542529345399	28
1542529345369	58
1542529345381	49
1542529345397	33
1542529345400	30
1542529345396	34
1542529345397	34
1542529345384	47
1542529345384	49
1542529345412	22
1542529345390	52
1542529345390	55
1542529345436	21
1542529345436	27
1542529345436	32
1542529345436	32
1542529345436	34
1542529345442	57
1542529345436	66
1542529345458	46
1542529345436	70
1542529345436	71
1542529345445	62
1542529345436	71
1542529345436	71
1542529345436	72
1542529345463	46
1542529345468	45
1542529345436	79
1542529345436	79
1542529345436	79
1542529345470	45
1542529345502	41
1542529345499	48
1542529345468	82
1542529345522	32
1542529345522	36
1542529345523	43
1542529345522	47
1542529345547	29
1542529345522	55
1542529345543	35
1542529345550	29
1542529345554	25
1542529345566	20
1542529345523	73
1542529345523	75
1542529345558	42
1542529345523	77
1542529345523	78
1542529345523	78
1542529345523	80
1542529345523	82
1542529345523	82
1542529345569	46
1542529345589	26
1542529345589	26
1542529345589	26
1542529345589	29
1542529345589	30
1542529345601	30
1542529345601	30
1542529345596	35
1542529345604	27
1542529345598	34
1542529345605	30
1542529345605	33
1542529345619	26
1542529345600	45
1542529345620	25
1542529345619	27
1542529345600	46
1542529345589	62
1542529345620	32
1542529345619	34
1542529345631	30
1542529345631	30
1542529345631	31
1542529345635	27
1542529345632	33
1542529345631	36
1542529345620	48
1542529345646	26
1542529345645	27
1542529345638	34
1542529345645	31
1542529345645	33
1542529345652	26
1542529345651	31
1542529345661	28
1542529345653	38
1542529345661	30
1542529345663	29
1542529345646	46
1542529345665	27
1542529345662	34
1542529345672	31
1542529345672	32
1542529345667	38
1542529345672	34
1542529345676	32
1542529345678	30
1542529345668	46
1542529345692	31
1542529345689	35
1542529345692	32
1542529345692	32
1542529345692	32
1542529345678	56
1542529345692	42
1542529345696	38
1542529345682	52
1542529345718	30
1542529345718	30
1542529345718	31
1542529345718	31
1542529345718	32
1542529345724	30
1542529345724	32
1542529345723	33
1542529345734	29
1542529345734	31
1542529345719	46
1542529345734	31
1542529345734	31
1542529345718	50
1542529345763	26
1542529345725	64
1542529345756	33
1542529345748	46
1542529345750	46
1542529345754	42
1542529345724	74
1542529345768	39
1542529345765	42
1542529345765	49
1542529345765	49
1542529345765	50
1542529345749	67
1542529345789	31
1542529345789	31
1542529345756	65
1542529345794	27
1542529345749	72
1542529345796	28
1542529345796	30
1542529345798	38
1542529345748	88
1542529345789	47
1542529345818	26
1542529345818	27
1542529345818	27
1542529345818	28
1542529345818	31
1542529345821	29
1542529345821	30
1542529345825	26
1542529345821	30
1542529345820	34
1542529345820	36
1542529345836	28
1542529345826	40
1542529345846	22
1542529345836	34
1542529345836	34
1542529345849	25
1542529345818	58
1542529345850	26
1542529345845	36
1542529345851	32
1542529345845	38
1542529345864	20
1542529345866	19
1542529345851	45
1542529345851	46
1542529345868	30
1542529345854	44
1542529345844	55
1542529345875	26
1542529345856	47
1542529345870	35
1542529345884	31
1542529345885	32
1542529345876	41
1542529345876	41
1542529345881	38
1542529345883	36
1542529345870	49
1542529345883	40
1542529345901	23
1542529345896	31
1542529345897	31
1542529345898	30
1542529345903	35
1542529345899	40
1542529345905	34
1542529345917	31
1542529345924	24
1542529345898	52
1542529345916	35
1542529345917	34
1542529345929	24
1542529345919	35
1542529345919	36
1542529345919	38
1542529345923	35
1542529345917	45
1542529345938	26
1542529345929	39
1542529345939	30
1542529345939	30
1542529345954	27
1542529345948	32
1542529345927	53
1542529345955	26
1542529345950	31
1542529345951	32
1542529345948	37
1542529345951	35
1542529345962	28
1542529345958	35
1542529345958	35
1542529345981	29
1542529345982	29
1542529345990	21
1542529345982	29
1542529345984	27
1542529345983	28
1542529345985	31
1542529345982	36
1542529345987	32
1542529345970	28
1542529345964	34
1542529345970	28
1542529345953	46
1542529345968	35
1542529345993	48
1542529345993	48
1542529346010	31
1542529346011	32
1542529346011	32
1542529346018	25
1542529346011	36
1542529346016	33
1542529346011	38
1542529346011	38
1542529346019	31
1542529346020	30
1542529346020	35
1542529346043	51
1542529346043	57
1542529346049	51
1542529346021	81
1542529346041	64
1542529346043	62
1542529346042	64
1542529346047	59
1542529346050	56
1542529346049	57
1542529346049	60
1542529346020	89
1542529346055	54
1542529346041	68
1542529346020	89
1542529346094	34
1542529346100	28
1542529346050	78
1542529346102	31
1542529346100	43
1542529346109	34
1542529346106	37
1542529346106	38
1542529346109	35
1542529346109	37
1542529346106	40
1542529346109	38
1542529346105	54
1542529346128	32
1542529346128	35
1542529346105	60
1542529346107	59
1542529346109	57
1542529346143	31
1542529346146	29
1542529346133	45
1542529346143	38
1542529346144	37
1542529346143	38
1542529346144	38
1542529346159	31
1542529346166	25
1542529346160	32
1542529346174	20
1542529346147	47
1542529346165	31
1542529346181	17
1542529346146	53
1542529346163	36
1542529346128	71
1542529346166	37
1542529346175	30
1542529346178	31
1542529346190	21
1542529346181	31
1542529346192	26
1542529346192	26
1542529346198	20
1542529346194	28
1542529346196	27
1542529346199	24
1542529346182	43
1542529346181	44
1542529346199	30
1542529346199	30
1542529346204	27
1542529346211	36
1542529346218	30
1542529346194	54
1542529346218	30
1542529346205	43
1542529346209	40
1542529346212	39
1542529346218	46
1542529346239	31
1542529346240	30
1542529346247	27
1542529346239	37
1542529346239	37
1542529346249	29
1542529346239	40
1542529346251	31
1542529346248	34
1542529346248	35
1542529346248	36
1542529346248	36
1542529346240	49
1542529346270	21
1542529346270	23
1542529346240	55
1542529346274	22
1542529346240	59
1542529346264	39
1542529346284	25
1542529346278	34
1542529346279	37
1542529346293	26
1542529346284	35
1542529346291	28
1542529346296	25
1542529346295	28
1542529346276	47
1542529346289	35
1542529346282	42
1542529346282	47
1542529346299	33
1542529346276	56
1542529346283	49
1542529346309	23
1542529346303	37
1542529346312	37
1542529346321	29
1542529346324	29
1542529346332	24
1542529346323	33
1542529346320	37
1542529346332	26
1542529346316	42
1542529346329	31
1542529346324	37
1542529346323	38
1542529346332	29
1542529346332	30
1542529346340	38
1542529346350	44
1542529346353	41
1542529346356	42
1542529346319	81
1542529346319	85
1542529346349	57
1542529346394	23
1542529346358	61
1542529346378	41
1542529346398	21
1542529346360	60
1542529346361	59
1542529346358	62
1542529346358	63
1542529346394	29
1542529346361	62
1542529346362	62
1542529346356	71
1542529346400	31
1542529346417	36
1542529346419	34
1542529346406	47
1542529346404	49
1542529346420	33
1542529346427	26
1542529346420	33
1542529346424	29
1542529346420	33
1542529346421	33
1542529346361	96
1542529346431	32
1542529346453	26
1542529346453	26
1542529346453	26
1542529346454	27
1542529346453	31
1542529346453	32
1542529346453	33
1542529346463	36
1542529346419	67
1542529346453	33
1542529346419	67
1542529346453	34
1542529346423	64
1542529346423	65
1542529346453	38
1542529346458	42
1542529346500	27
1542529346498	29
1542529346498	34
1542529346498	40
1542529346499	39
1542529346498	40
1542529346498	40
1542529346499	55
1542529346499	55
1542529346499	55
1542529346527	27
1542529346499	58
1542529346499	58
1542529346499	58
1542529346499	58
1542529346499	58
1542529346499	58
1542529346527	32
1542529346538	33
1542529346538	36
1542529346538	36
1542529346554	29
1542529346557	27
1542529346557	28
1542529346557	28
1542529346554	34
1542529346554	35
1542529346557	32
1542529346557	32
1542529346554	35
1542529346557	33
1542529346560	30
1542529346538	54
1542529346571	27
1542529346574	30
1542529346574	36
1542529346590	20
1542529346584	31
1542529346585	31
1542529346585	31
1542529346590	29
1542529346598	21
1542529346583	36
1542529346588	33
1542529346592	34
1542529346610	29
1542529346610	29
1542529346590	49
1542529346604	35
1542529346590	49
1542529346590	52
1542529346619	24
1542529346616	31
1542529346532	123
1542529346616	39
1542529346615	40
1542529346619	36
1542529346590	66
1542529346621	35
1542529346626	30
1542529346619	37
1542529346639	28
1542529346639	28
1542529346639	30
1542529346639	35
1542529346655	30
1542529346656	30
1542529346656	31
1542529346642	48
1542529346656	37
1542529346643	50
1542529346655	38
1542529346647	47
1542529346639	55
1542529346655	42
1542529346688	25
1542529346688	27
1542529346690	32
1542529346655	66
1542529346693	28
1542529346669	52
1542529346656	66
1542529346693	33
1542529346694	34
1542529346693	35
1542529346695	36
1542529346713	21
1542529346674	67
1542529346667	74
1542529346697	45
1542529346667	79
1542529346715	32
1542529346688	60
1542529346722	36
1542529346726	32
1542529346722	36
1542529346728	31
1542529346722	37
1542529346722	38
1542529346722	38
1542529346731	32
1542529346728	37
1542529346742	24
1542529346741	29
1542529346747	31
1542529346746	34
1542529346748	32
1542529346734	46
1542529346742	38
1542529346759	29
1542529346763	25
1542529346759	29
1542529346759	30
1542529346760	29
1542529346758	37
1542529346759	37
1542529346765	31
1542529346770	32
1542529346766	41
1542529346760	52
1542529346780	34
1542529346788	27
1542529346780	36
1542529346788	31
1542529346795	31
1542529346802	26
1542529346796	32
1542529346789	39
1542529346789	39
1542529346778	50
1542529346796	35
1542529346780	53
1542529346788	47
1542529346780	56
1542529346807	31
1542529346812	27
1542529346816	23
1542529346814	30
1542529346815	30
1542529346828	18
1542529346828	32
1542529346828	32
1542529346826	34
1542529346828	32
1542529346828	32
1542529346819	41
1542529346833	27
1542529346835	29
1542529346836	29
1542529346839	26
1542529346839	29
1542529346831	37
1542529346838	32
1542529346844	28
1542529346846	26
1542529346845	31
1542529346860	29
1542529346860	29
1542529346860	33
1542529346868	27
1542529346860	35
1542529346860	35
1542529346860	35
1542529346860	35
1542529346870	27
1542529346864	34
1542529346868	32
1542529346872	29
1542529346876	36
1542529346865	50
1542529346865	51
1542529346889	29
1542529346895	25
1542529346897	23
1542529346889	31
1542529346872	48
1542529346893	31
1542529346898	28
1542529346895	31
1542529346895	31
1542529346895	32
1542529346900	29
1542529346895	36
1542529346901	35
1542529346912	26
1542529346915	27
1542529346920	26
1542529346920	28
1542529346924	25
1542529346916	34
1542529346920	30
1542529346926	25
1542529346919	31
1542529346920	42
1542529346927	36
1542529346929	34
1542529346932	31
1542529346936	31
1542529346938	32
1542529346926	45
1542529346926	45
1542529346949	58
1542529346948	64
1542529346942	72
1542529346951	63
1542529346946	68
1542529346950	64
1542529346962	57
1542529346963	59
1542529346963	59
1542529346971	52
1542529346971	52
1542529346967	59
1542529346970	58
1542529346963	65
1542529346951	79
1542529346950	85
1542529347007	34
1542529347014	30
1542529347019	25
1542529347012	37
1542529347014	36
1542529347023	32
1542529347024	41
1542529347022	43
1542529347030	35
1542529347027	38
1542529347022	43
1542529347028	37
1542529347028	37
1542529347014	51
1542529347014	52
1542529347035	35
1542529347049	22
1542529347044	27
1542529347042	32
1542529347051	31
1542529347055	29
1542529347065	29
1542529347044	51
1542529347065	30
1542529347065	31
1542529347065	31
1542529347070	26
1542529347065	32
1542529347066	33
1542529347065	36
1542529347065	36
1542529347065	36
1542529347071	32
1542529347071	35
1542529347074	35
1542529347082	27
1542529347084	27
1542529347096	26
1542529347096	27
1542529347094	32
1542529347097	31
1542529347101	29
1542529347096	34
1542529347100	30
1542529347110	25
1542529347101	35
1542529347103	36
1542529347106	34
1542529347095	50
1542529347095	50
1542529347101	45
1542529347111	40
1542529347110	41
1542529347128	26
1542529347130	24
1542529347130	29
1542529347126	41
1542529347123	44
1542529347135	33
1542529347145	26
1542529347146	27
1542529347145	28
1542529347136	38
1542529347130	45
1542529347122	56
1542529347154	24
1542529347139	40
1542529347140	39
1542529347151	31
1542529347154	31
1542529347151	42
1542529347167	29
1542529347159	39
1542529347173	25
1542529347168	32
1542529347171	31
1542529347175	29
1542529347179	25
1542529347167	42
1542529347179	32
1542529347178	33
1542529347178	34
1542529347182	33
1542529347202	16
1542529347174	44
1542529347185	37
1542529347198	25
1542529347196	28
1542529347193	34
1542529347200	29
1542529347173	57
1542529347198	39
1542529347212	25
1542529347204	33
1542529347204	38
1542529347209	34
1542529347212	31
1542529347218	28
1542529347212	37
1542529347224	29
1542529347224	29
1542529347219	34
1542529347227	27
1542529347215	41
1542529347222	34
1542529347229	32
1542529347237	33
1542529347237	33
1542529347237	33
1542529347230	40
1542529347257	54
1542529347249	62
1542529347253	62
1542529347242	73
1542529347270	47
1542529347246	71
1542529347253	64
1542529347254	64
1542529347261	57
1542529347257	61
1542529347270	50
1542529347270	53
1542529347270	54
1542529347311	28
1542529347244	96
1542529347315	29
1542529347318	28
1542529347320	26
1542529347318	28
1542529347315	31
1542529347253	94
1542529347244	103
1542529347318	29
1542529347323	33
1542529347324	37
1542529347311	61
1542529347317	55
1542529347317	55
1542529347317	55
1542529347339	33
1542529347347	25
1542529347346	26
1542529347340	32
1542529347346	26
1542529347344	31
1542529347347	33
1542529347346	47
1542529347356	38
1542529347346	50
1542529347347	49
1542529347373	27
1542529347373	26
1542529347361	39
1542529347375	25
1542529347373	31
1542529347372	34
1542529347372	34
1542529347372	34
1542529347380	32
1542529347394	24
1542529347373	46
1542529347373	50
1542529347393	31
1542529347406	18
1542529347373	56
1542529347396	37
1542529347406	27
1542529347400	33
1542529347400	33
1542529347400	34
1542529347404	32
1542529347396	40
1542529347400	43
1542529347412	32
1542529347406	38
1542529347418	26
1542529347419	29
1542529347424	35
1542529347423	39
1542529347433	33
1542529347434	41
1542529347424	51
1542529347433	42
1542529347444	31
1542529347433	42
1542529347443	32
1542529347429	50
1542529347444	36
1542529347436	47
1542529347433	55
1542529347448	40
1542529347444	44
1542529347459	30
1542529347462	31
1542529347475	27
1542529347475	31
1542529347479	29
1542529347475	33
1542529347475	35
1542529347436	74
1542529347480	30
1542529347476	37
1542529347489	26
1542529347488	42
1542529347508	23
1542529347488	46
1542529347476	59
1542529347483	52
1542529347466	75
1542529347513	29
1542529347502	40
1542529347510	32
1542529347506	36
1542529347493	50
1542529347510	35
1542529347508	37
1542529347489	58
1542529347510	37
1542529347515	32
1542529347531	31
1542529347534	28
1542529347535	28
1542529347535	29
1542529347547	35
1542529347545	42
1542529347542	46
1542529347563	25
1542529347545	43
1542529347543	45
1542529347530	59
1542529347547	46
1542529347562	33
1542529347564	36
1542529347541	61
1542529347583	24
1542529347588	27
1542529347543	74
1542529347543	78
1542529347587	34
1542529347543	78
1542529347593	30
1542529347562	64
1542529347589	37
1542529347588	38
1542529347547	84
1542529347595	38
1542529347607	28
1542529347615	22
1542529347600	39
1542529347602	37
1542529347588	53
1542529347588	56
1542529347623	29
1542529347626	31
1542529347617	42
1542529347621	38
1542529347621	38
1542529347635	24
1542529347621	38
1542529347633	26
1542529347637	26
1542529347626	40
1542529347641	30
1542529347631	48
1542529347626	53
1542529347639	41
1542529347639	42
1542529347644	39
1542529347652	37
1542529347659	32
1542529347659	33
1542529347659	36
1542529347663	34
1542529347659	38
1542529347659	38
1542529347666	36
1542529347657	47
1542529347679	25
1542529347681	23
1542529347680	24
1542529347679	28
1542529347671	39
1542529347691	20
1542529347659	55
1542529347695	21
1542529347683	37
1542529347697	23
1542529347697	26
1542529347692	31
1542529347689	34
1542529347704	23
1542529347704	23
1542529347704	27
1542529347704	28
1542529347707	27
1542529347697	43
1542529347716	24
1542529347702	39
1542529347711	33
1542529347710	36
1542529347714	32
1542529347720	27
1542529347723	26
1542529347723	28
1542529347727	28
1542529347723	35
1542529347731	29
1542529347727	33
1542529347721	40
1542529347734	27
1542529347732	33
1542529347741	25
1542529347740	26
1542529347747	35
1542529347744	38
1542529347746	36
1542529347746	36
1542529347749	33
1542529347758	25
1542529347755	31
1542529347751	37
1542529347741	48
1542529347760	31
1542529347761	32
1542529347760	33
1542529347761	32
1542529347765	28
1542529347767	31
1542529347767	33
1542529347782	32
1542529347783	31
1542529347782	32
1542529347783	34
1542529347789	29
1542529347788	30
1542529347782	36
1542529347786	32
1542529347791	29
1542529347782	37
1542529347793	28
1542529347793	61
1542529347793	61
1542529347800	54
1542529347798	56
1542529347793	61
1542529347818	37
1542529347814	41
1542529347817	38
1542529347821	34
1542529347820	35
1542529347818	37
1542529347814	42
1542529347814	42
1542529347820	36
1542529347818	38
1542529347878	48
1542529347878	48
1542529347878	51
1542529347878	53
1542529347878	53
1542529347818	114
1542529347880	65
1542529347881	66
1542529347879	68
1542529347879	71
1542529347881	71
1542529347880	72
1542529347880	72
1542529347879	73
1542529347879	74
1542529347878	76
1542529347929	27
1542529347927	29
1542529347927	31
1542529347932	28
1542529347932	28
1542529347932	28
1542529347945	31
1542529347947	30
1542529347952	35
1542529347954	36
1542529347956	35
1542529347950	42
1542529347960	32
1542529347960	33
1542529347952	42
1542529347952	42
1542529347952	42
1542529347956	38
1542529347953	41
1542529347958	36
1542529347947	49
1542529347960	45
1542529347980	36
1542529347990	28
1542529347980	39
1542529347994	25
1542529347987	32
1542529347994	25
1542529347994	25
1542529347991	31
1542529347992	31
1542529347994	29
1542529347993	30
1542529347994	30
1542529347992	34
1542529347994	32
1542529347996	34
1542529348005	29
1542529348017	26
1542529348019	28
1542529348019	28
1542529348019	30
1542529348023	28
1542529348022	29
1542529348018	33
1542529348019	33
1542529348023	30
1542529348027	26
1542529348027	29
1542529348019	40
1542529348030	30
1542529348034	29
1542529348024	45
1542529348044	36
1542529348047	42
1542529348049	40
1542529348047	42
1542529348056	34
1542529348023	67
1542529348053	37
1542529348052	39
1542529348059	33
1542529348052	40
1542529348060	32
1542529348069	26
1542529348053	49
1542529348051	58
1542529348052	58
1542529348091	24
1542529348090	25
1542529348092	24
1542529348080	36
1542529348090	29
1542529348092	28
1542529348092	28
1542529348089	31
1542529348090	31
1542529348089	32
1542529348063	58
1542529348089	32
1542529348095	32
1542529348102	28
1542529348110	24
1542529348109	25
1542529348115	25
1542529348115	29
1542529348119	26
1542529348121	26
1542529348121	26
1542529348121	31
1542529348121	33
1542529348120	34
1542529348127	31
1542529348134	26
1542529348120	40
1542529348134	26
1542529348117	43
1542529348130	33
1542529348120	45
1542529348117	48
1542529348140	53
1542529348145	67
1542529348147	65
1542529348147	65
1542529348154	60
1542529348154	60
1542529348144	73
1542529348152	67
1542529348160	60
1542529348165	55
1542529348160	63
1542529348161	64
1542529348161	64
1542529348163	62
1542529348194	31
1542529348158	68
1542529348165	73
1542529348214	30
1542529348212	35
1542529348212	36
1542529348226	24
1542529348220	30
1542529348225	25
1542529348219	31
1542529348217	36
1542529348214	41
1542529348223	32
1542529348225	30
1542529348225	31
1542529348220	36
1542529348212	47
1542529348238	27
1542529348226	47
1542529348249	28
1542529348249	30
1542529348251	31
1542529348253	29
1542529348251	33
1542529348251	42
1542529348255	39
1542529348255	39
1542529348244	50
1542529348256	38
1542529348255	39
1542529348265	29
1542529348259	35
1542529348251	48
1542529348273	26
1542529348256	47
1542529348279	32
1542529348282	29
1542529348277	35
1542529348284	30
1542529348294	29
1542529348294	31
1542529348294	32
1542529348294	35
1542529348299	32
1542529348294	37
1542529348293	39
1542529348294	38
1542529348294	38
1542529348299	33
1542529348303	29
1542529348282	53
1542529348311	28
1542529348311	29
1542529348314	35
1542529348325	26
1542529348324	27
1542529348331	26
1542529348329	29
1542529348332	26
1542529348312	47
1542529348331	33
1542529348332	32
1542529348326	38
1542529348332	33
1542529348332	33
1542529348332	33
1542529348339	26
1542529348335	35
1542529348340	30
1542529348382	30
1542529348382	31
1542529348382	31
1542529348382	34
1542529348382	34
1542529348383	41
1542529348383	41
1542529348383	42
1542529348383	46
1542529348383	46
1542529348383	49
1542529348384	48
1542529348384	48
1542529348384	49
1542529348383	50
1542529348383	50
1542529348414	33
1542529348416	32
1542529348413	36
1542529348414	35
1542529348416	33
1542529348424	30
1542529348429	25
1542529348424	30
1542529348425	33
1542529348429	32
1542529348432	32
1542529348432	32
1542529348433	32
1542529348433	34
1542529348433	34
1542529348448	38
1542529348432	56
1542529348449	49
1542529348454	45
1542529348449	50
1542529348454	45
1542529348448	51
1542529348449	50
1542529348458	41
1542529348462	37
1542529348454	45
1542529348465	42
1542529348465	42
1542529348465	50
1542529348467	48
1542529348467	52
1542529348498	29
1542529348486	45
1542529348499	37
1542529348499	37
1542529348499	38
1542529348488	53
1542529348499	42
1542529348499	44
1542529348499	45
1542529348499	47
1542529348499	47
1542529348633	27
1542529348633	30
1542529348633	30
1542529348633	30
1542529348633	34
1542529348634	45
1542529348634	46
1542529348634	46
1542529348634	47
1542529348634	47
1542529348634	47
1542529348634	47
1542529348634	53
1542529348634	53
1542529348634	53
1542529348634	53
1542529348663	26
1542529348663	28
1542529348660	33
1542529348663	31
1542529348668	35
1542529348679	32
1542529348687	25
1542529348681	31
1542529348680	32
1542529348687	27
1542529348687	27
1542529348681	33
1542529348680	36
1542529348681	37
1542529348687	31
1542529348681	37
1542529348690	32
1542529348691	34
1542529348722	35
1542529348725	34
1542529348712	53
1542529348703	36
1542529348694	47
1542529348693	48
1542529348712	36
1542529348711	37
1542529348714	34
1542529348714	34
1542529348712	39
1542529348718	35
1542529348716	37
1542529348718	35
1542529348718	36
1542529348714	40
1542529348766	65
1542529348757	74
1542529348767	64
1542529348767	78
1542529348766	79
1542529348767	83
1542529348767	84
1542529348767	84
1542529348767	84
1542529348767	85
1542529348767	85
1542529348767	85
1542529348831	28
1542529348831	32
1542529348851	23
1542529348845	29
1542529348845	29
1542529348831	44
1542529348851	26
1542529348850	28
1542529348852	27
1542529348765	115
1542529348766	116
1542529348759	123
1542529348767	115
1542529348852	30
1542529348851	34
1542529348852	33
1542529348863	38
1542529348874	27
1542529348874	34
1542529348879	30
1542529348874	36
1542529348878	31
1542529348877	33
1542529348859	51
1542529348883	30
1542529348886	27
1542529348883	30
1542529348885	30
1542529348883	34
1542529348880	37
1542529348883	34
1542529348875	58
1542529348910	23
1542529348901	32
1542529348908	30
1542529348909	30
1542529348901	38
1542529348915	26
1542529348913	28
1542529348913	31
1542529348910	36
1542529348913	33
1542529348910	36
1542529348910	37
1542529348933	30
1542529348917	46
1542529348933	34
1542529348917	52
1542529348933	36
1542529348938	32
1542529348941	29
1542529348941	33
1542529348944	32
1542529348946	30
1542529348946	30
1542529348947	33
1542529348963	26
1542529348946	49
1542529348963	32
1542529348970	26
1542529348940	56
1542529348940	56
1542529348967	33
