1542529289097	1167
1542529289098	1166
1542529289097	1167
1542529290273	50
1542529290273	51
1542529290273	52
1542529290326	31
1542529290326	31
1542529290323	35
1542529290361	30
1542529290362	29
1542529290362	29
1542529290397	31
1542529290397	42
1542529290397	42
1542529290428	36
1542529290439	36
1542529290439	38
1542529290465	34
1542529290478	36
1542529290475	41
1542529290499	27
1542529290516	27
1542529290514	31
1542529290527	30
1542529290545	48
1542529290544	50
1542529290557	61
1542529290593	42
1542529290619	30
1542529290595	61
1542529290635	40
1542529290649	30
1542529290657	29
1542529290679	30
1542529290675	36
1542529290689	35
1542529290711	33
1542529290709	35
1542529290724	28
1542529290744	29
1542529290744	33
1542529290753	25
1542529290773	34
1542529290777	30
1542529290778	31
1542529290807	39
1542529290807	39
1542529290809	38
1542529290846	41
1542529290846	46
1542529290847	46
1542529290892	28
1542529290887	33
1542529290894	26
1542529290927	28
1542529290926	30
1542529290926	33
1542529290955	34
1542529290956	33
1542529290959	32
1542529290990	34
1542529290990	37
1542529290991	49
1542529291024	34
1542529291029	29
1542529291040	28
1542529291059	27
1542529291059	28
1542529291077	23
1542529291086	31
1542529291088	29
1542529291100	35
1542529291117	36
1542529291117	38
1542529291135	69
1542529291153	55
1542529291155	73
1542529291205	28
1542529291208	29
1542529291228	35
1542529291233	32
1542529291237	34
1542529291265	27
1542529291263	29
1542529291271	29
1542529291292	35
1542529291301	29
1542529291292	46
1542529291330	33
1542529291327	37
1542529291338	36
1542529291364	33
1542529291363	36
1542529291375	34
1542529291402	23
1542529291402	24
1542529291410	38
1542529291426	35
1542529291426	36
1542529291448	58
1542529291461	58
1542529291462	60
1542529291506	30
1542529291520	34
1542529291523	41
1542529291537	34
1542529291556	35
1542529291565	30
1542529291571	33
1542529291591	31
1542529291595	30
1542529291604	32
1542529291623	28
1542529291629	28
1542529291636	44
1542529291651	32
1542529291659	39
1542529291680	25
1542529291683	32
1542529291699	32
1542529291705	30
1542529291717	28
1542529291731	37
1542529291736	35
1542529291745	29
1542529291775	51
1542529291768	58
1542529291771	59
1542529291827	28
1542529291826	32
1542529291830	31
1542529291856	29
1542529291858	33
1542529291861	31
1542529291885	34
1542529291891	32
1542529291892	34
1542529291923	27
1542529291919	33
1542529291926	33
1542529291952	31
1542529291951	33
1542529291960	31
1542529291983	30
1542529291984	33
1542529291991	29
1542529292013	32
1542529292017	30
1542529292020	29
1542529292049	40
1542529292046	46
1542529292048	44
1542529292089	33
1542529292093	48
1542529292093	56
1542529292122	30
1542529292141	24
1542529292149	28
1542529292152	27
1542529292165	30
1542529292179	28
1542529292177	35
1542529292195	34
1542529292207	33
1542529292213	34
1542529292229	41
1542529292241	30
1542529292247	33
1542529292270	36
1542529292280	30
1542529292273	38
1542529292306	32
1542529292311	27
1542529292311	28
1542529292339	44
1542529292340	44
1542529292339	56
1542529292385	40
1542529292396	35
1542529292384	69
1542529292425	36
1542529292441	45
1542529292454	36
1542529292462	34
1542529292496	25
1542529292488	33
1542529292490	33
1542529292523	27
1542529292521	29
1542529292521	53
1542529292551	37
1542529292551	38
1542529292574	33
1542529292589	34
1542529292588	37
1542529292608	35
1542529292623	34
1542529292625	32
1542529292657	23
1542529292657	33
1542529292643	47
1542529292690	29
1542529292680	39
1542529292690	29
1542529292720	31
1542529292719	32
1542529292719	36
1542529292751	41
1542529292755	37
1542529292751	41
1542529292792	32
1542529292792	34
1542529292792	34
1542529292824	29
1542529292826	31
1542529292826	33
1542529292857	29
1542529292854	40
1542529292860	35
1542529292895	31
1542529292894	37
1542529292886	56
1542529292926	37
1542529292931	33
1542529292963	38
1542529292964	39
1542529292942	61
1542529293001	41
1542529293003	49
1542529293003	48
1542529293043	23
1542529293053	31
1542529293053	33
1542529293066	33
1542529293086	25
1542529293084	32
1542529293101	30
1542529293111	29
1542529293117	33
1542529293131	32
1542529293141	30
1542529293150	32
1542529293163	28
1542529293183	30
1542529293191	28
1542529293171	48
1542529293214	31
1542529293219	28
1542529293219	31
1542529293250	45
1542529293247	57
1542529293245	59
1542529293295	32
1542529293304	33
1542529293304	35
1542529293327	33
1542529293338	27
1542529293339	32
1542529293365	27
1542529293361	33
1542529293371	45
1542529293392	26
1542529293394	30
1542529293417	23
1542529293418	34
1542529293424	31
1542529293440	35
1542529293456	26
1542529293452	35
1542529293475	38
1542529293482	32
1542529293487	32
1542529293514	32
1542529293513	48
1542529293519	43
1542529293561	27
1542529293547	41
1542529293562	34
1542529293589	32
1542529293596	29
1542529293588	50
1542529293625	31
1542529293638	28
1542529293622	47
1542529293656	33
1542529293669	32
1542529293666	37
1542529293689	28
1542529293701	28
1542529293703	31
1542529293717	22
1542529293729	32
1542529293734	29
1542529293739	29
1542529293761	24
1542529293763	28
1542529293785	22
1542529293768	50
1542529293791	29
1542529293818	29
1542529293820	34
1542529293808	63
1542529293847	72
1542529293855	67
1542529293871	58
1542529293922	25
1542529293919	29
1542529293929	29
1542529293947	30
1542529293948	32
1542529293958	26
1542529293978	30
1542529293984	25
1542529293981	39
1542529294008	34
1542529294009	33
1542529294020	35
1542529294042	33
1542529294042	35
1542529294055	28
1542529294077	32
1542529294083	27
1542529294075	35
1542529294109	24
1542529294110	29
1542529294110	32
1542529294133	33
1542529294139	54
1542529294142	83
1542529294166	61
1542529294193	34
1542529294225	32
1542529294227	36
1542529294227	38
1542529294257	30
1542529294263	31
1542529294265	33
1542529294287	31
1542529294294	24
1542529294298	35
1542529294318	35
1542529294318	37
1542529294333	30
1542529294353	29
1542529294355	31
1542529294363	36
1542529294382	33
1542529294386	32
1542529294399	32
1542529294416	28
1542529294418	28
1542529294431	32
1542529294444	41
1542529294446	39
1542529294463	29
1542529294485	33
1542529294485	34
1542529294493	30
1542529294519	33
1542529294518	36
1542529294523	43
1542529294554	30
1542529294552	33
1542529294566	36
1542529294585	27
1542529294584	28
1542529294603	32
1542529294612	25
1542529294613	49
1542529294635	36
1542529294637	37
1542529294662	34
1542529294671	26
1542529294674	26
1542529294697	31
1542529294696	41
1542529294700	38
1542529294728	35
1542529294738	28
1542529294737	32
1542529294766	59
1542529294764	65
1542529294769	76
1542529294829	27
1542529294825	35
1542529294845	28
1542529294856	24
1542529294860	29
1542529294873	34
1542529294880	34
1542529294889	30
1542529294920	30
1542529294907	66
1542529294914	64
1542529294950	29
1542529294978	28
1542529294973	35
1542529294979	31
1542529295009	26
1542529295010	35
1542529295006	47
1542529295035	61
1542529295053	59
1542529295045	72
1542529295112	26
1542529295096	51
1542529295117	30
1542529295147	30
1542529295139	42
1542529295147	35
1542529295181	27
1542529295177	32
1542529295182	31
1542529295208	29
1542529295209	30
1542529295213	36
1542529295237	28
1542529295239	30
1542529295249	28
1542529295265	29
1542529295269	27
1542529295278	28
1542529295294	31
1542529295296	29
1542529295306	31
1542529295325	32
1542529295325	34
1542529295337	32
1542529295357	26
1542529295359	28
1542529295383	29
1542529295369	43
1542529295387	34
1542529295412	28
1542529295412	29
1542529295422	32
1542529295442	29
1542529295440	33
1542529295454	29
1542529295471	27
1542529295473	29
1542529295484	31
1542529295499	29
1542529295502	30
1542529295515	33
1542529295528	29
1542529295548	42
1542529295532	60
1542529295557	38
1542529295591	28
1542529295592	27
1542529295595	36
1542529295619	28
1542529295619	40
1542529295631	32
1542529295647	75
1542529295660	69
1542529295663	79
1542529295722	29
1542529295729	32
1542529295742	33
1542529295752	33
1542529295761	25
1542529295775	34
1542529295785	24
1542529295809	28
1542529295809	33
1542529295786	57
1542529295842	28
1542529295843	29
1542529295837	35
1542529295870	30
1542529295872	32
1542529295872	50
1542529295900	24
1542529295904	48
1542529295924	28
1542529295922	32
1542529295952	61
1542529295953	65
1542529295954	80
1542529296013	28
1542529296018	32
1542529296034	25
1542529296041	28
1542529296050	32
1542529296059	35
1542529296069	31
1542529296082	28
1542529296094	35
1542529296100	35
1542529296110	34
1542529296129	28
1542529296135	23
1542529296144	33
1542529296157	29
1542529296158	29
1542529296177	35
1542529296186	29
1542529296187	31
1542529296212	35
1542529296215	35
1542529296218	34
1542529296247	26
1542529296250	26
1542529296252	29
1542529296273	40
1542529296281	53
1542529296276	61
1542529296313	31
1542529296334	22
1542529296337	27
1542529296364	25
1542529296356	52
1542529296344	67
1542529296409	28
1542529296411	28
1542529296389	56
1542529296437	26
1542529296439	27
1542529296446	32
1542529296463	27
1542529296466	29
1542529296478	31
1542529296491	27
1542529296495	28
1542529296509	31
1542529296518	33
1542529296523	34
1542529296540	28
1542529296551	56
1542529296557	61
1542529296568	53
1542529296607	32
1542529296618	24
1542529296621	32
1542529296639	22
1542529296642	30
1542529296653	34
1542529296672	34
1542529296687	26
1542529296661	52
1542529296713	28
1542529296706	35
1542529296713	33
1542529296741	30
1542529296746	29
1542529296741	44
1542529296775	37
1542529296771	45
1542529296785	35
1542529296816	31
1542529296820	31
1542529296812	45
1542529296851	21
1542529296847	30
1542529296857	30
1542529296873	30
1542529296887	35
1542529296903	55
1542529296877	88
1542529296922	44
1542529296959	35
1542529296965	32
1542529296966	34
1542529296997	27
1542529297001	29
1542529296994	49
1542529297024	35
1542529297030	31
1542529297043	26
1542529297069	24
1542529297059	55
1542529297061	55
1542529297093	34
1542529297114	29
1542529297116	31
1542529297127	34
1542529297143	43
1542529297161	35
1542529297147	49
1542529297186	36
1542529297196	27
1542529297196	43
1542529297223	31
1542529297222	36
1542529297239	28
1542529297254	28
1542529297258	29
1542529297267	32
1542529297282	28
1542529297287	37
1542529297299	30
1542529297310	27
1542529297324	23
1542529297329	29
1542529297337	23
1542529297347	30
1542529297360	25
1542529297358	27
1542529297377	27
1542529297385	29
1542529297385	33
1542529297404	32
1542529297414	27
1542529297418	29
1542529297436	31
1542529297467	35
1542529297441	64
1542529297502	32
1542529297505	34
1542529297447	103
1542529297550	29
1542529297539	40
1542529297534	51
1542529297579	30
1542529297579	31
1542529297585	35
1542529297609	26
1542529297620	34
1542529297610	52
1542529297635	29
1542529297654	30
1542529297662	32
1542529297664	32
1542529297684	23
1542529297696	24
1542529297694	29
1542529297707	35
1542529297720	28
1542529297723	25
1542529297742	43
1542529297785	32
1542529297748	70
1542529297748	74
1542529297817	25
1542529297822	31
1542529297818	38
1542529297842	23
1542529297853	29
1542529297856	31
1542529297882	29
1542529297887	27
1542529297865	52
1542529297914	25
1542529297912	27
1542529297917	33
1542529297939	25
1542529297939	29
1542529297951	31
1542529297964	35
1542529297968	32
1542529297982	32
1542529297999	26
1542529298000	31
1542529298014	26
1542529298025	33
1542529298031	30
1542529298040	30
1542529298059	25
1542529298062	27
1542529298084	32
1542529298089	29
1542529298070	50
1542529298118	30
1542529298116	32
1542529298120	35
1542529298148	32
1542529298148	33
1542529298155	33
1542529298181	27
1542529298188	31
1542529298180	39
1542529298208	27
1542529298219	28
1542529298219	33
1542529298235	32
1542529298247	30
1542529298252	30
1542529298267	33
1542529298277	30
1542529298282	39
1542529298307	33
1542529298321	23
1542529298300	54
1542529298340	32
1542529298344	58
1542529298354	55
1542529298372	51
1542529298402	32
1542529298409	31
1542529298424	29
1542529298434	27
1542529298440	27
1542529298453	30
1542529298461	29
1542529298467	28
1542529298483	31
1542529298490	27
1542529298495	34
1542529298514	32
1542529298517	34
1542529298529	27
1542529298546	22
1542529298556	23
1542529298551	32
1542529298569	25
1542529298583	31
1542529298579	35
1542529298595	33
1542529298614	31
1542529298614	32
1542529298628	27
1542529298646	49
1542529298645	55
1542529298655	46
1542529298700	31
1542529298696	35
1542529298731	25
1542529298701	55
1542529298756	27
1542529298756	31
1542529298731	59
1542529298784	26
1542529298787	28
1542529298790	31
1542529298810	27
1542529298821	29
1542529298815	37
1542529298852	26
1542529298850	29
1542529298837	47
1542529298884	25
1542529298879	31
1542529298879	31
1542529298909	29
1542529298910	33
1542529298910	34
1542529298938	51
1542529298943	54
1542529298944	55
1542529298989	34
1542529298997	27
1542529298999	39
1542529299024	26
1542529299023	31
1542529299038	31
1542529299050	24
1542529299069	29
1542529299054	44
1542529299074	29
1542529299098	27
1542529299098	30
1542529299103	37
1542529299125	27
1542529299128	29
1542529299140	27
1542529299152	27
1542529299157	28
1542529299167	29
1542529299185	27
1542529299179	51
1542529299212	31
1542529299196	47
1542529299230	23
1542529299244	54
1542529299243	61
1542529299253	69
1542529299299	31
1542529299304	31
1542529299322	32
1542529299330	28
1542529299336	37
1542529299354	32
1542529299358	30
1542529299373	30
1542529299386	30
1542529299388	31
1542529299403	30
1542529299419	28
1542529299416	31
1542529299433	29
1542529299448	23
1542529299448	30
1542529299463	27
1542529299471	32
1542529299478	31
1542529299490	25
1542529299503	27
1542529299509	29
1542529299515	35
1542529299530	30
1542529299538	39
1542529299550	44
1542529299560	53
1542529299577	39
1542529299594	34
1542529299613	24
1542529299616	36
1542529299628	31
1542529299637	29
1542529299652	27
1542529299659	33
1542529299666	32
1542529299679	26
1542529299692	23
1542529299698	28
1542529299705	23
1542529299715	28
1542529299726	29
1542529299728	33
1542529299743	27
1542529299755	29
1542529299770	31
1542529299784	29
1542529299761	54
1542529299801	32
1542529299815	31
1542529299814	34
1542529299833	24
1542529299857	28
1542529299846	39
1542529299848	41
1542529299885	29
1542529299889	25
1542529299885	32
1542529299917	31
1542529299914	51
1542529299914	55
1542529299948	32
1542529299966	35
1542529299969	30
1542529299980	28
1542529300001	28
1542529300001	30
1542529300008	24
1542529300029	33
1542529300031	33
1542529300032	34
1542529300062	24
1542529300064	28
1542529300066	29
1542529300092	28
1542529300086	35
1542529300096	34
1542529300120	31
1542529300121	31
1542529300130	25
1542529300155	36
1542529300152	43
1542529300151	46
1542529300196	26
1542529300191	36
1542529300197	32
1542529300222	23
1542529300227	28
1542529300229	27
1542529300245	31
1542529300256	29
1542529300255	34
1542529300276	26
1542529300289	27
1542529300285	34
1542529300303	33
1542529300316	31
1542529300319	29
1542529300336	51
1542529300347	51
1542529300348	50
1542529300387	23
1542529300398	26
1542529300398	29
1542529300410	27
1542529300424	29
1542529300427	31
1542529300437	35
1542529300458	56
1542529300472	47
1542529300514	28
1542529300520	26
1542529300453	94
1542529300546	33
1542529300542	39
1542529300547	36
1542529300579	30
1542529300581	33
1542529300584	33
1542529300618	27
1542529300610	33
1542529300616	34
1542529300645	32
1542529300646	32
1542529300650	41
1542529300678	30
1542529300678	34
1542529300691	33
1542529300708	27
1542529300712	33
1542529300724	27
1542529300735	29
1542529300745	44
1542529300764	48
1542529300789	29
1542529300751	72
1542529300818	26
1542529300812	37
1542529300823	32
1542529300849	24
1542529300844	38
1542529300855	30
1542529300873	32
1542529300885	24
1542529300882	33
1542529300905	32
1542529300909	30
1542529300916	28
1542529300939	36
1542529300938	37
1542529300944	34
1542529300983	31
1542529300984	34
1542529300978	44
1542529301014	29
1542529301018	28
1542529301022	25
1542529301047	62
1542529301046	67
1542529301043	86
1542529301109	29
1542529301113	42
1542529301129	40
1542529301138	32
1542529301155	25
1542529301169	32
1542529301170	33
1542529301181	30
1542529301203	26
1542529301201	35
1542529301233	24
1542529301236	27
1542529301211	53
1542529301257	34
1542529301263	28
1542529301264	30
1542529301294	28
1542529301291	33
1542529301291	33
1542529301322	25
1542529301324	31
1542529301324	33
1542529301347	23
1542529301355	23
1542529301357	36
1542529301370	32
1542529301378	45
1542529301393	30
1542529301423	25
1542529301423	29
1542529301402	52
1542529301448	33
1542529301452	34
1542529301455	32
1542529301481	33
1542529301487	33
1542529301486	36
1542529301522	24
1542529301514	32
1542529301520	26
1542529301546	31
1542529301546	31
1542529301546	38
1542529301577	27
1542529301577	33
1542529301584	33
1542529301604	31
1542529301610	33
1542529301617	30
1542529301647	39
1542529301643	48
1542529301635	66
1542529301686	27
1542529301691	28
1542529301701	28
1542529301714	29
1542529301719	26
1542529301729	45
1542529301745	34
1542529301743	38
1542529301775	28
1542529301781	30
1542529301779	32
1542529301803	33
1542529301811	27
1542529301811	47
1542529301836	33
1542529301838	44
1542529301858	29
1542529301869	36
1542529301883	28
1542529301887	26
1542529301905	23
1542529301913	33
1542529301911	36
1542529301928	56
1542529301947	41
1542529301946	43
1542529301984	43
1542529301988	40
1542529301989	70
1542529302028	49
1542529302027	54
1542529302059	36
1542529302077	35
1542529302081	37
1542529302095	26
1542529302118	23
1542529302112	33
1542529302121	30
1542529302141	30
1542529302145	30
1542529302151	35
1542529302171	32
1542529302175	40
1542529302186	31
1542529302203	34
1542529302217	26
1542529302215	31
1542529302237	26
1542529302243	43
1542529302263	52
1542529302286	32
1542529302246	77
1542529302315	28
1542529302318	29
1542529302343	32
1542529302347	31
1542529302323	56
1542529302378	27
1542529302376	33
1542529302379	38
1542529302405	30
1542529302417	29
1542529302435	35
1542529302446	26
1542529302409	64
1542529302473	27
1542529302470	35
1542529302472	33
1542529302500	27
1542529302505	32
1542529302505	48
1542529302527	31
1542529302537	25
1542529302553	28
1542529302562	25
1542529302558	33
1542529302581	41
1542529302587	35
1542529302591	32
1542529302623	34
1542529302657	23
1542529302622	63
1542529302622	71
1542529302680	36
1542529302685	32
1542529302693	32
1542529302717	34
1542529302716	36
1542529302725	32
1542529302751	29
1542529302757	28
1542529302752	47
1542529302780	22
1542529302785	27
1542529302799	28
1542529302802	27
1542529302812	33
1542529302827	29
1542529302829	30
1542529302856	49
1542529302845	60
1542529302859	70
1542529302905	28
1542529302905	30
1542529302929	22
1542529302933	24
1542529302935	35
1542529302951	28
1542529302957	28
1542529302970	24
1542529302979	28
1542529302985	28
1542529302994	28
1542529303007	27
1542529303022	37
1542529303014	52
1542529303034	33
1542529303059	34
1542529303067	28
1542529303066	35
1542529303101	23
1542529303095	29
1542529303093	43
1542529303124	29
1542529303124	31
1542529303136	28
1542529303164	46
1542529303155	59
1542529303153	64
1542529303214	29
1542529303217	27
1542529303210	38
1542529303243	29
1542529303244	32
1542529303249	29
1542529303272	27
1542529303276	29
1542529303278	32
1542529303299	26
1542529303305	34
1542529303310	29
1542529303325	35
1542529303339	23
1542529303339	28
1542529303367	25
1542529303360	34
1542529303362	38
1542529303394	27
1542529303392	34
1542529303400	31
1542529303421	28
1542529303426	29
1542529303431	29
1542529303449	69
1542529303460	61
1542529303456	66
1542529303518	30
1542529303521	33
1542529303522	32
1542529303554	32
1542529303554	35
1542529303548	45
1542529303593	23
1542529303586	33
1542529303589	32
1542529303619	31
1542529303621	31
1542529303617	43
1542529303650	27
1542529303652	26
1542529303660	27
1542529303677	30
1542529303678	35
1542529303687	32
1542529303707	33
1542529303713	36
1542529303719	30
1542529303749	41
1542529303790	31
1542529303749	79
1542529303741	91
1542529303821	35
1542529303828	28
1542529303858	37
1542529303858	38
1542529303895	33
1542529303896	34
1542529303832	121
1542529303928	31
1542529303930	31
1542529303959	23
1542529303953	30
1542529303961	26
1542529303982	31
1542529303983	30
1542529303987	27
1542529304014	27
1542529304014	32
1542529304014	33
1542529304047	54
1542529304046	56
1542529304041	61
1542529304102	31
1542529304101	34
1542529304102	33
1542529304135	27
1542529304162	25
1542529304135	53
1542529304133	55
1542529304188	28
1542529304188	29
1542529304187	33
1542529304217	31
1542529304216	33
1542529304220	40
1542529304248	32
1542529304249	32
1542529304260	28
1542529304280	33
1542529304281	34
1542529304288	44
1542529304313	23
1542529304315	29
1542529304336	27
1542529304344	48
1542529304363	50
1542529304333	82
1542529304392	31
1542529304413	29
1542529304415	35
1542529304423	29
1542529304442	32
1542529304450	31
1542529304452	35
1542529304474	28
1542529304488	25
1542529304502	27
1542529304481	52
1542529304513	28
1542529304533	35
1542529304541	31
1542529304529	57
1542529304568	28
1542529304572	28
1542529304587	28
1542529304600	32
1542529304596	36
1542529304615	34
1542529304632	27
1542529304632	45
1542529304649	68
1542529304659	58
1542529304677	44
1542529304717	24
1542529304717	30
1542529304721	26
1542529304741	31
1542529304747	28
1542529304747	32
1542529304779	31
1542529304775	35
1542529304772	40
1542529304810	30
1542529304812	32
1542529304810	36
1542529304840	35
1542529304844	31
1542529304846	33
1542529304875	24
1542529304879	25
1542529304875	52
1542529304899	33
1542529304904	29
1542529304927	28
1542529304933	30
1542529304932	32
1542529304955	28
1542529304983	31
1542529304963	54
1542529304964	56
1542529305014	24
1542529305020	24
1542529305038	30
1542529305044	27
1542529305018	60
1542529305068	35
1542529305078	26
1542529305071	38
1542529305104	30
1542529305103	33
1542529305109	30
1542529305136	27
1542529305134	33
1542529305139	32
1542529305163	34
1542529305171	26
1542529305167	36
1542529305197	34
1542529305197	38
1542529305203	34
1542529305237	23
1542529305231	33
1542529305235	34
1542529305260	29
1542529305269	44
1542529305290	27
1542529305264	61
1542529305313	34
1542529305317	34
1542529305351	36
1542529305347	49
1542529305325	93
1542529305396	35
1542529305387	44
1542529305431	36
1542529305418	56
1542529305431	43
1542529305468	33
1542529305474	28
1542529305474	33
1542529305501	30
1542529305502	33
1542529305507	33
1542529305531	28
1542529305535	30
1542529305540	52
1542529305565	60
1542529305592	33
1542529305559	68
1542529305625	33
1542529305625	34
1542529305627	36
1542529305659	35
1542529305658	37
1542529305663	37
1542529305694	28
1542529305695	28
1542529305700	23
1542529305723	30
1542529305723	34
1542529305722	36
1542529305757	25
1542529305753	33
1542529305758	38
1542529305782	29
1542529305786	29
1542529305796	23
1542529305815	26
1542529305811	32
1542529305819	33
1542529305841	28
1542529305843	30
1542529305852	65
1542529305873	44
1542529305869	71
1542529305917	27
1542529305917	33
1542529305941	30
1542529305944	30
1542529305950	37
1542529305971	32
1542529305987	27
1542529306003	32
1542529306014	29
1542529306035	28
1542529305974	100
1542529306043	32
1542529306064	30
1542529306074	30
1542529306075	31
1542529306094	37
1542529306104	32
1542529306107	31
1542529306136	23
1542529306138	21
1542529306131	33
1542529306159	24
1542529306159	24
1542529306166	45
1542529306183	29
1542529306183	36
1542529306211	32
1542529306212	35
1542529306219	32
1542529306243	32
1542529306247	30
1542529306251	32
1542529306277	31
1542529306275	33
1542529306283	27
1542529306308	30
1542529306310	28
1542529306309	33
1542529306338	33
1542529306338	35
1542529306342	31
1542529306373	26
1542529306371	40
1542529306373	38
1542529306399	26
1542529306411	33
1542529306411	35
1542529306425	36
1542529306444	29
1542529306446	28
1542529306473	26
1542529306474	26
1542529306499	27
1542529306500	30
1542529306461	78
1542529306539	43
1542529306530	53
1542529306526	57
1542529306582	24
1542529306583	35
1542529306606	28
1542529306583	55
1542529306618	29
1542529306634	30
1542529306639	26
1542529306647	25
1542529306665	27
1542529306664	32
1542529306672	31
1542529306692	27
1542529306696	28
1542529306703	28
1542529306719	26
1542529306724	22
1542529306731	34
1542529306746	47
1542529306745	53
1542529306765	47
1542529306793	30
1542529306813	30
1542529306798	51
1542529306824	28
1542529306843	27
1542529306850	23
1542529306852	30
1542529306870	30
1542529306873	35
1542529306882	41
1542529306900	30
1542529306908	33
1542529306923	22
1542529306930	28
1542529306945	31
1542529306941	35
1542529306958	27
1542529306976	30
1542529306976	35
1542529306985	33
1542529307006	35
1542529307011	33
1542529307018	34
1542529307044	43
1542529307052	38
1542529307041	75
1542529307087	50
1542529307090	47
1542529307116	31
1542529307137	33
1542529307147	29
1542529307137	41
1542529307176	27
1542529307170	33
1542529307178	30
1542529307203	27
1542529307203	27
1542529307208	27
1542529307230	32
1542529307236	27
1542529307230	34
1542529307263	26
1542529307262	27
1542529307264	31
1542529307289	28
1542529307289	31
1542529307295	29
1542529307317	36
1542529307320	34
1542529307324	34
1542529307353	30
1542529307354	51
1542529307358	64
1542529307383	44
1542529307405	39
1542529307422	34
1542529307444	24
1542529307427	61
1542529307456	34
1542529307468	29
1542529307488	23
1542529307490	33
1542529307497	29
1542529307511	32
1542529307523	28
1542529307526	28
1542529307543	26
1542529307555	27
1542529307569	28
1542529307551	48
1542529307582	28
1542529307597	22
1542529307599	41
1542529307610	32
1542529307619	24
1542529307643	55
1542529307640	60
1542529307642	58
1542529307699	29
1542529307700	32
1542529307700	70
1542529307732	40
1542529307728	48
1542529307770	23
1542529307776	23
1542529307773	26
1542529307793	27
1542529307799	23
1542529307799	33
1542529307822	32
1542529307821	35
1542529307832	28
1542529307856	30
1542529307854	35
1542529307860	31
1542529307886	28
1542529307891	27
1542529307889	33
1542529307914	33
1542529307918	30
1542529307922	26
1542529307947	41
1542529307948	40
1542529307948	44
1542529307992	33
1542529307988	37
1542529307988	61
1542529308025	30
1542529308025	32
1542529308049	28
1542529308055	29
1542529308057	27
1542529308084	23
1542529308084	23
1542529308078	54
1542529308108	25
1542529308132	27
1542529308108	51
1542529308133	29
1542529308159	28
1542529308162	30
1542529308159	55
1542529308187	35
1542529308192	35
1542529308214	29
1542529308222	33
1542529308227	29
1542529308256	38
1542529308243	52
1542529308255	43
1542529308294	29
1542529308295	28
1542529308298	26
1542529308323	34
1542529308324	33
1542529308323	34
1542529308357	27
1542529308357	28
1542529308357	30
1542529308385	26
1542529308384	30
1542529308387	28
1542529308414	26
1542529308415	25
1542529308411	54
1542529308440	29
1542529308440	34
1542529308469	31
1542529308474	30
1542529308465	47
1542529308500	31
1542529308504	33
1542529308512	26
1542529308537	25
1542529308531	33
1542529308538	32
1542529308564	55
1542529308562	58
1542529308570	53
1542529308619	26
1542529308620	29
1542529308623	31
1542529308649	29
1542529308654	25
1542529308645	36
1542529308678	30
1542529308681	29
1542529308679	44
1542529308708	25
1542529308710	33
1542529308723	28
1542529308733	33
1542529308743	24
1542529308767	23
1542529308766	29
1542529308751	55
1542529308795	27
1542529308790	35
1542529308822	31
1542529308806	52
1542529308825	35
1542529308858	29
1542529308854	33
1542529308860	53
1542529308887	27
1542529308888	32
1542529308913	28
1542529308914	33
1542529308920	31
1542529308941	30
1542529308951	32
1542529308947	38
1542529308971	34
1542529308985	31
1542529308983	35
1542529309005	34
1542529309016	31
1542529309018	47
1542529309039	35
1542529309047	27
1542529309065	31
1542529309074	28
1542529309074	32
1542529309102	23
1542529309106	31
1542529309096	54
1542529309137	27
1542529309125	65
1542529309151	61
1542529309164	53
1542529309190	37
1542529309212	34
1542529309217	32
1542529309227	30
1542529309246	32
1542529309249	31
1542529309257	25
1542529309278	33
1542529309282	30
1542529309280	35
1542529309311	28
1542529309312	30
1542529309315	44
1542529309339	29
1542529309342	30
1542529309359	22
1542529309368	28
1542529309381	27
1542529309396	31
1542529309372	60
1542529309408	29
1542529309427	31
1542529309432	27
1542529309437	32
1542529309459	53
1542529309458	57
1542529309469	48
1542529309515	29
1542529309512	34
1542529309517	30
1542529309547	24
1542529309544	32
1542529309546	40
1542529309572	27
1542529309576	31
1542529309586	31
1542529309599	35
1542529309608	29
1542529309617	26
1542529309634	28
1542529309637	30
1542529309644	29
1542529309662	30
1542529309667	35
1542529309674	31
1542529309692	30
1542529309705	30
1542529309702	34
1542529309722	32
1542529309736	27
1542529309735	34
1542529309754	38
1542529309763	32
1542529309769	44
1542529309795	27
1542529309792	32
1542529309813	25
1542529309824	25
1542529309822	30
1542529309838	34
1542529309849	24
1542529309852	30
1542529309872	31
1542529309873	33
1542529309883	24
1542529309907	25
1542529309906	32
1542529309903	37
1542529309932	32
1542529309940	27
1542529309938	34
1542529309967	28
1542529309972	26
1542529309964	34
1542529309998	27
1542529309995	34
1542529309998	49
1542529310029	38
1542529310025	44
1542529310047	75
1542529310122	27
1542529310069	80
1542529310068	86
1542529310149	27
1542529310154	25
1542529310149	51
1542529310179	27
1542529310200	24
1542529310176	52
1542529310206	27
1542529310224	29
1542529310228	30
1542529310233	33
1542529310253	27
1542529310259	43
1542529310266	36
1542529310280	36
1542529310302	23
1542529310303	22
1542529310316	36
1542529310326	28
1542529310326	31
1542529310352	43
1542529310354	53
1542529310357	58
1542529310395	30
1542529310407	30
1542529310425	29
1542529310415	46
1542529310437	32
1542529310454	33
1542529310461	27
1542529310469	25
1542529310489	26
1542529310487	33
1542529310494	28
1542529310520	22
1542529310515	29
1542529310522	33
1542529310543	29
1542529310544	33
1542529310555	34
1542529310572	27
1542529310577	34
1542529310589	26
1542529310599	30
1542529310615	23
1542529310611	27
1542529310629	34
1542529310638	25
1542529310638	27
1542529310663	29
1542529310663	34
1542529310665	50
1542529310692	24
1542529310697	33
1542529310715	36
1542529310716	37
1542529310730	36
1542529310751	34
1542529310753	33
1542529310785	30
1542529310766	50
1542529310787	34
1542529310815	29
1542529310816	28
1542529310821	29
1542529310844	35
1542529310850	31
1542529310844	37
1542529310881	36
1542529310879	38
1542529310881	36
1542529310917	36
1542529310917	39
1542529310917	43
1542529310953	32
1542529310956	31
1542529310960	28
1542529310985	70
1542529310988	67
1542529310988	67
1542529311055	30
1542529311055	34
1542529311055	35
1542529311085	36
1542529311090	33
1542529311089	46
1542529311121	29
1542529311124	30
1542529311135	36
1542529311154	24
1542529311150	35
1542529311171	30
1542529311178	31
1542529311185	27
1542529311209	31
1542529311212	35
1542529311201	53
1542529311254	45
1542529311240	61
1542529311247	55
1542529311302	30
1542529311301	33
1542529311299	36
1542529311334	29
1542529311335	32
1542529311332	38
1542529311367	25
1542529311363	29
1542529311371	28
1542529311393	35
1542529311393	35
1542529311399	53
1542529311429	51
1542529311429	58
1542529311452	37
1542529311480	36
1542529311489	30
1542529311487	53
1542529311516	30
1542529311519	31
1542529311540	25
1542529311550	35
1542529311546	40
1542529311586	39
1542529311585	48
1542529311565	69
1542529311634	41
1542529311633	45
1542529311625	54
1542529311675	30
1542529311678	35
1542529311679	34
1542529311705	34
1542529311739	27
1542529311713	58
1542529311713	61
1542529311771	24
1542529311766	30
1542529311774	27
1542529311795	30
1542529311796	33
1542529311801	38
1542529311825	30
1542529311829	32
1542529311855	52
1542529311861	48
1542529311839	70
1542529311909	32
1542529311909	32
1542529311941	23
1542529311941	35
1542529311907	81
1542529311976	30
1542529311965	46
1542529311988	24
1542529312012	31
1542529312012	43
1542529312006	49
1542529312043	38
1542529312055	29
1542529312055	31
1542529312081	22
1542529312084	31
1542529312086	33
1542529312103	29
1542529312120	28
1542529312115	34
1542529312132	32
1542529312149	44
1542529312148	46
1542529312164	52
1542529312194	27
1542529312193	29
1542529312216	38
1542529312222	34
1542529312254	26
1542529312256	29
1542529312280	29
1542529312285	29
1542529312221	107
1542529312309	28
1542529312314	24
1542529312329	26
1542529312338	34
1542529312337	39
1542529312355	26
1542529312372	31
1542529312376	29
1542529312381	24
1542529312405	26
1542529312405	27
1542529312403	35
1542529312432	30
1542529312431	36
1542529312438	31
1542529312462	35
1542529312469	38
1542529312467	45
1542529312497	32
1542529312507	25
1542529312512	30
1542529312529	28
1542529312532	31
1542529312542	23
1542529312557	29
1542529312565	26
1542529312563	32
1542529312586	23
1542529312591	27
1542529312595	28
1542529312609	33
1542529312619	28
1542529312623	35
1542529312642	32
1542529312647	34
1542529312658	24
1542529312674	32
1542529312681	27
1542529312682	30
1542529312707	22
1542529312712	28
1542529312729	31
1542529312708	52
1542529312740	25
1542529312765	53
1542529312760	62
1542529312760	63
1542529312818	26
1542529312823	31
1542529312822	40
1542529312844	37
1542529312854	40
1542529312862	37
1542529312881	28
1542529312894	23
1542529312899	24
1542529312909	35
1542529312923	22
1542529312917	32
1542529312944	30
1542529312949	34
1542529312945	51
1542529312974	29
1542529312983	34
1542529312996	35
1542529313003	33
1542529313017	35
1542529313031	36
1542529313036	31
1542529313052	40
1542529313067	47
1542529313093	25
1542529313067	78
1542529313114	44
1542529313118	51
1542529313145	26
1542529313158	29
1542529313171	29
1542529313169	33
1542529313187	34
1542529313202	30
1542529313200	34
1542529313232	24
1542529313221	35
1542529313234	38
1542529313257	28
1542529313257	28
1542529313272	33
1542529313285	33
1542529313286	36
1542529313305	22
1542529313322	32
1542529313327	27
1542529313318	37
1542529313354	42
1542529313355	58
1542529313355	59
1542529313396	25
1542529313413	36
1542529313414	37
1542529313421	30
1542529313451	26
1542529313449	28
1542529313451	57
1542529313477	39
1542529313477	40
1542529313508	30
1542529313516	33
1542529313517	38
1542529313538	33
1542529313555	31
1542529313550	55
1542529313571	34
1542529313586	31
1542529313605	26
1542529313605	31
1542529313617	24
1542529313631	28
1542529313636	30
1542529313641	41
1542529313659	50
1542529313666	52
1542529313682	40
1542529313709	32
1542529313718	24
1542529313723	31
1542529313741	29
1542529313742	31
1542529313754	32
1542529313770	24
1542529313786	26
1542529313795	29
1542529313774	52
1542529313813	21
1542529313826	31
1542529313824	36
1542529313834	29
1542529313857	32
1542529313860	32
1542529313863	35
1542529313889	22
1542529313892	26
1542529313898	34
1542529313911	27
1542529313918	30
1542529313932	21
1542529313938	32
1542529313953	59
1542529313948	69
1542529313970	64
1542529314012	29
1542529314017	30
1542529314034	30
1542529314041	35
1542529314047	32
1542529314064	28
1542529314079	23
1542529314076	32
1542529314093	33
1542529314108	27
1542529314102	41
1542529314126	27
1542529314135	23
1542529314143	35
1542529314158	36
1542529314153	41
1542529314178	31
1542529314194	22
1542529314194	30
1542529314209	33
1542529314216	33
1542529314224	30
1542529314254	32
1542529314242	45
1542529314249	47
1542529314287	31
1542529314296	33
1542529314287	53
1542529314318	32
1542529314329	27
1542529314340	27
1542529314350	35
1542529314356	31
1542529314387	24
1542529314385	30
1542529314367	50
1542529314415	25
1542529314417	32
1542529314411	49
1542529314440	29
1542529314449	25
1542529314470	31
1542529314460	41
1542529314474	28
1542529314501	33
1542529314501	35
1542529314502	35
1542529314536	26
1542529314537	28
1542529314534	54
1542529314562	41
1542529314565	56
1542529314621	28
1542529314588	65
1542529314603	53
1542529314650	20
1542529314653	25
1542529314656	34
1542529314671	35
1542529314678	32
1542529314690	26
1542529314706	32
1542529314716	23
1542529314710	31
1542529314739	27
1542529314738	32
1542529314741	48
1542529314766	32
1542529314770	29
1542529314789	29
1542529314799	38
1542529314798	43
1542529314818	28
1542529314837	28
1542529314841	69
1542529314846	72
1542529314865	56
1542529314910	26
1542529314918	32
1542529314921	30
1542529314936	27
1542529314951	26
1542529314950	35
1542529314963	34
1542529314977	50
1542529314985	43
1542529314997	33
1542529315028	31
1542529315030	30
1542529315027	35
1542529315060	23
1542529315059	27
1542529315062	32
1542529315083	39
1542529315086	40
1542529315094	35
1542529315122	27
1542529315126	30
1542529315129	28
1542529315157	32
1542529315149	44
1542529315156	62
1542529315193	26
1542529315189	31
1542529315218	26
1542529315219	38
1542529315220	47
1542529315244	29
1542529315257	23
1542529315267	38
1542529315273	32
1542529315280	29
1542529315305	21
1542529315305	32
1542529315310	30
1542529315327	29
1542529315337	21
1542529315340	29
1542529315359	25
1542529315356	32
1542529315370	21
1542529315384	29
1542529315388	34
1542529315391	31
1542529315413	40
1542529315422	45
1542529315422	52
1542529315453	24
1542529315467	33
1542529315474	27
1542529315477	25
1542529315501	31
1542529315502	31
1542529315500	38
1542529315533	31
1542529315538	27
1542529315532	34
1542529315565	22
1542529315564	28
1542529315566	31
1542529315587	25
1542529315592	35
1542529315597	30
1542529315612	33
1542529315627	30
1542529315627	33
1542529315645	32
1542529315660	24
1542529315657	28
1542529315678	23
1542529315685	29
1542529315684	30
1542529315701	29
1542529315714	31
1542529315714	33
1542529315730	27
1542529315747	50
1542529315745	54
1542529315757	60
1542529315799	33
1542529315797	35
1542529315817	30
1542529315832	29
1542529315832	31
1542529315847	29
1542529315861	33
1542529315863	34
1542529315876	22
1542529315895	26
1542529315897	37
1542529315898	36
1542529315934	35
1542529315921	50
1542529315935	47
1542529315969	28
1542529315971	26
1542529315997	28
1542529315997	29
1542529315983	54
1542529316026	32
1542529316026	34
1542529316037	32
1542529316060	35
1542529316058	39
1542529316069	30
1542529316097	32
1542529316095	36
1542529316099	43
1542529316129	44
1542529316143	34
1542529316131	55
1542529316173	25
1542529316177	34
1542529316186	27
1542529316198	33
1542529316211	30
1542529316213	31
1542529316231	30
1542529316241	22
1542529316244	30
1542529316261	28
1542529316263	32
1542529316289	31
1542529316274	51
1542529316295	35
1542529316320	24
1542529316325	27
1542529316330	27
1542529316357	36
1542529316352	43
1542529316344	54
1542529316393	29
1542529316398	28
1542529316395	36
1542529316422	32
1542529316431	30
1542529316426	36
1542529316454	27
1542529316462	29
1542529316461	32
1542529316481	34
1542529316491	25
1542529316493	29
1542529316515	34
1542529316522	27
1542529316516	35
1542529316549	31
1542529316551	33
1542529316549	37
1542529316580	31
1542529316584	29
1542529316586	31
1542529316611	28
1542529316617	35
1542529316613	39
1542529316652	54
1542529316652	54
1542529316639	72
1542529316706	32
1542529316711	27
1542529316706	36
1542529316738	36
1542529316738	40
1542529316743	38
1542529316781	29
1542529316778	35
1542529316774	39
1542529316810	31
1542529316813	32
1542529316813	34
1542529316841	30
1542529316845	30
1542529316847	30
1542529316877	23
1542529316875	25
1542529316871	33
1542529316900	28
1542529316904	28
1542529316900	34
1542529316932	29
1542529316934	33
1542529316928	64
1542529316961	47
1542529316967	54
1542529316993	32
1542529317008	31
1542529317021	29
1542529317025	36
1542529317039	27
1542529317050	20
1542529317061	28
1542529317070	31
1542529317066	35
1542529317089	31
1542529317101	29
1542529317101	31
1542529317130	19
1542529317120	32
1542529317132	34
1542529317149	26
1542529317152	35
1542529317166	29
1542529317175	33
1542529317187	28
1542529317195	29
1542529317215	29
1542529317224	30
1542529317208	58
1542529317244	72
1542529317254	67
1542529317266	60
1542529317321	32
1542529317316	37
1542529317326	32
1542529317353	31
1542529317358	38
1542529317353	55
1542529317384	26
1542529317408	28
1542529317410	32
1542529317396	53
1542529317436	34
1542529317442	32
1542529317449	32
1542529317470	27
1542529317475	28
1542529317497	28
1542529317503	24
1542529317481	50
1542529317527	30
1542529317525	35
1542529317531	32
1542529317563	49
1542529317557	62
1542529317560	61
1542529317621	25
1542529317619	33
1542529317612	49
1542529317646	29
1542529317652	34
1542529317661	31
1542529317675	36
1542529317686	26
1542529317693	32
1542529317712	30
1542529317725	22
1542529317711	36
1542529317742	36
1542529317747	31
1542529317747	31
1542529317778	28
1542529317778	28
1542529317778	30
1542529317806	31
1542529317806	35
1542529317808	35
1542529317837	33
1542529317843	43
1542529317886	28
1542529317870	49
1542529317842	80
1542529317914	34
1542529317922	27
1542529317919	32
1542529317952	30
1542529317949	34
1542529317948	35
1542529317982	23
1542529317983	33
1542529317983	35
1542529318005	33
1542529318016	30
1542529318018	32
1542529318038	31
1542529318046	29
1542529318050	31
1542529318069	27
1542529318075	35
1542529318081	29
1542529318096	25
1542529318110	30
1542529318110	32
1542529318121	22
1542529318140	34
1542529318143	78
1542529318174	55
1542529318142	101
1542529318221	33
1542529318229	29
1542529318243	24
1542529318254	27
1542529318259	31
1542529318267	28
1542529318281	31
1542529318290	29
1542529318295	34
1542529318312	22
1542529318319	33
1542529318329	30
1542529318334	29
1542529318352	41
1542529318359	34
1542529318363	30
1542529318393	31
1542529318393	35
1542529318393	48
1542529318424	22
1542529318441	76
1542529318446	75
1542529318428	97
1542529318517	25
1542529318525	25
1542529318521	46
1542529318542	29
1542529318550	26
1542529318567	31
1542529318571	31
1542529318576	34
1542529318598	30
1542529318610	35
1542529318629	24
1542529318602	55
1542529318645	26
1542529318653	31
1542529318657	27
1542529318671	29
1542529318684	28
1542529318684	32
1542529318700	27
1542529318712	33
1542529318716	31
1542529318727	27
1542529318747	39
1542529318754	38
1542529318745	58
1542529318792	21
1542529318786	28
1542529318803	26
1542529318814	21
1542529318814	25
1542529318829	31
1542529318839	30
1542529318835	36
1542529318860	31
1542529318869	35
1542529318871	36
1542529318891	30
1542529318904	29
1542529318907	33
1542529318921	34
1542529318934	28
1542529318940	30
1542529318955	31
1542529318962	29
1542529318970	28
1542529318991	32
1542529318998	36
1542529319034	32
1542529318986	131
1542529319023	107
1542529319066	66
1542529319117	27
1542529319130	25
1542529319132	28
1542529319144	25
1542529319160	27
1542529319169	42
1542529319155	67
1542529319187	58
1542529319211	52
1542529319222	58
1542529319245	35
1542529319263	32
1542529319280	36
1542529319295	31
1542529319280	56
1542529319316	28
1542529319326	35
1542529319336	64
1542529319344	73
1542529319361	56
1542529319400	33
1542529319417	38
1542529319433	22
1542529319417	41
1542529319458	30
1542529319455	38
1542529319455	40
1542529319488	30
1542529319493	29
1542529319495	39
1542529319518	30
1542529319522	31
1542529319534	24
1542529319558	26
1542529319549	46
1542529319553	42
1542529319584	29
1542529319595	29
1542529319595	34
1542529319624	30
1542529319629	27
1542529319613	56
1542529319654	31
1542529319656	29
1542529319685	28
1542529319672	41
1542529319685	55
1542529319713	29
1542529319713	41
1542529319742	28
1542529319740	36
1542529319754	24
1542529319770	35
1542529319778	32
1542529319776	35
1542529319811	28
1542529319805	34
1542529319810	31
1542529319839	29
1542529319839	36
1542529319841	47
1542529319868	30
1542529319875	25
1542529319888	30
1542529319918	36
1542529319898	59
1542529319900	83
1542529319954	53
1542529319957	52
1542529319983	47
1542529320009	26
1542529320007	34
1542529320035	23
1542529320030	33
1542529320041	36
1542529320058	29
1542529320063	28
1542529320077	22
1542529320091	27
1542529320100	21
1542529320118	26
1542529320121	27
1542529320087	76
1542529320144	33
1542529320148	36
1542529320163	34
1542529320177	36
1542529320184	36
1542529320197	46
1542529320220	27
1542529320213	36
1542529320243	72
1542529320247	68
1542529320249	90
1542529320316	33
1542529320316	35
1542529320339	23
1542529320349	33
1542529320351	33
1542529320362	31
1542529320383	34
1542529320384	34
1542529320393	28
1542529320417	24
1542529320418	27
1542529320441	29
1542529320445	25
1542529320421	54
1542529320470	27
1542529320470	29
1542529320475	28
1542529320503	24
1542529320497	34
1542529320499	54
1542529320527	29
1542529320531	31
1542529320563	25
1542529320553	35
1542529320556	37
1542529320588	42
1542529320588	42
1542529320593	42
1542529320635	25
1542529320630	30
1542529320630	36
1542529320660	29
1542529320660	34
1542529320666	37
1542529320690	33
1542529320694	31
1542529320703	33
1542529320723	33
1542529320725	33
1542529320736	28
1542529320758	25
1542529320756	32
1542529320764	28
1542529320783	22
1542529320792	30
1542529320788	48
1542529320805	33
1542529320822	36
1542529320836	23
1542529320838	26
1542529320858	58
1542529320859	67
1542529320864	64
1542529320916	25
1542529320926	35
1542529320941	25
1542529320928	49
1542529320966	30
1542529320962	34
1542529320977	24
1542529320996	27
1542529320996	32
1542529321001	28
1542529321024	20
1542529321028	29
1542529321029	33
1542529321044	35
1542529321057	22
1542529321062	29
1542529321079	27
1542529321079	32
1542529321091	22
1542529321111	30
1542529321106	36
1542529321113	29
1542529321142	45
1542529321142	49
1542529321187	28
1542529321141	76
1542529321191	28
1542529321215	35
1542529321217	43
1542529321219	42
1542529321260	22
1542529321250	37
1542529321261	26
1542529321287	27
1542529321287	32
1542529321282	47
1542529321329	33
1542529321319	46
1542529321314	62
1542529321362	41
1542529321365	57
1542529321376	47
1542529321403	27
1542529321422	28
1542529321430	25
1542529321423	32
1542529321450	40
1542529321455	58
1542529321455	58
1542529321490	32
1542529321513	28
1542529321513	32
1542529321522	31
1542529321541	29
1542529321545	29
1542529321553	24
1542529321570	28
1542529321574	27
1542529321577	33
1542529321601	25
1542529321598	32
1542529321610	34
1542529321626	21
1542529321630	30
1542529321644	32
1542529321647	31
1542529321660	28
1542529321676	28
1542529321688	32
1542529321678	49
1542529321704	23
1542529321720	36
1542529321727	31
1542529321727	32
1542529321756	30
1542529321758	65
1542529321786	43
1542529321759	71
1542529321823	24
1542529321829	30
1542529321830	44
1542529321847	34
1542529321859	34
1542529321874	27
1542529321881	32
1542529321893	32
1542529321901	25
1542529321913	34
1542529321926	35
1542529321925	38
1542529321947	29
1542529321963	28
1542529321961	33
1542529321976	21
1542529321991	29
1542529321994	30
1542529321998	32
1542529322024	23
1542529322020	35
1542529322030	28
1542529322047	64
1542529322058	65
1542529322056	69
1542529322111	33
1542529322123	24
1542529322125	32
1542529322144	27
1542529322147	34
1542529322157	28
1542529322171	26
1542529322181	34
1542529322197	24
1542529322185	46
1542529322221	28
1542529322215	34
1542529322231	30
1542529322249	35
1542529322261	29
1542529322249	43
1542529322284	21
1542529322290	30
1542529322292	32
1542529322306	23
1542529322320	24
1542529322324	31
1542529322329	30
1542529322355	31
1542529322359	31
1542529322344	69
1542529322386	29
1542529322390	30
1542529322420	28
1542529322415	33
1542529322413	59
1542529322448	32
1542529322448	56
1542529322472	38
1542529322480	36
1542529322504	27
1542529322510	25
1542529322531	23
1542529322535	24
1542529322517	54
1542529322554	28
1542529322559	32
1542529322571	34
1542529322582	36
1542529322591	36
1542529322605	27
1542529322627	32
1542529322633	26
1542529322618	97
1542529322659	65
1542529322715	34
1542529322659	93
1542529322724	32
1542529322749	24
1542529322752	30
1542529322756	28
1542529322773	23
1542529322782	35
1542529322784	34
1542529322796	35
1542529322817	30
1542529322818	34
1542529322831	33
1542529322847	22
1542529322852	30
1542529322864	34
1542529322869	32
1542529322882	28
1542529322898	26
1542529322901	33
1542529322910	28
1542529322924	24
1542529322934	30
1542529322938	62
1542529322964	55
1542529322948	77
1542529323000	29
1542529323019	32
1542529323025	31
1542529323029	48
1542529323051	30
1542529323056	32
1542529323077	35
1542529323081	34
1542529323088	28
1542529323112	26
1542529323116	29
1542529323115	34
1542529323138	27
1542529323145	29
1542529323149	29
1542529323165	40
1542529323178	27
1542529323174	32
1542529323205	35
1542529323206	35
1542529323205	37
1542529323240	27
1542529323241	38
1542529323242	44
1542529323279	30
1542529323267	45
1542529323286	34
1542529323312	24
1542529323336	23
1542529323309	52
1542529323320	50
1542529323359	35
1542529323361	33
1542529323370	28
1542529323398	30
1542529323394	36
1542529323394	37
1542529323431	28
1542529323430	35
1542529323428	50
1542529323459	30
1542529323465	25
1542529323478	34
1542529323489	34
1542529323490	51
1542529323512	33
1542529323523	33
1542529323541	44
1542529323545	61
1542529323556	64
1542529323585	43
1542529323620	24
1542529323606	40
1542529323628	32
1542529323646	25
1542529323644	28
1542529323660	31
1542529323671	27
1542529323672	31
1542529323691	26
1542529323703	32
1542529323698	55
1542529323735	36
1542529323717	57
1542529323753	34
1542529323774	33
1542529323787	32
1542529323771	50
1542529323807	27
1542529323821	27
1542529323819	29
1542529323834	29
1542529323863	59
1542529323848	74
1542529323848	77
1542529323922	32
1542529323922	34
1542529323925	31
1542529323954	34
1542529323956	53
1542529323956	53
1542529323988	25
1542529324009	23
1542529324009	29
1542529324013	26
1542529324032	28
1542529324038	30
1542529324039	29
1542529324060	34
1542529324069	30
1542529324068	33
1542529324094	32
1542529324101	30
1542529324099	33
1542529324132	30
1542529324131	32
1542529324127	57
1542529324162	32
1542529324184	45
1542529324195	34
1542529324163	66
1542529324229	29
1542529324229	30
1542529324229	34
1542529324258	29
1542529324259	29
1542529324263	47
1542529324287	29
1542529324288	31
1542529324310	33
1542529324316	28
1542529324319	29
1542529324343	24
1542529324344	28
1542529324348	30
1542529324367	30
1542529324372	30
1542529324378	30
1542529324397	37
1542529324408	26
1542529324402	34
1542529324434	28
1542529324434	30
1542529324436	30
1542529324462	59
1542529324464	62
1542529324466	71
1542529324521	32
1542529324537	28
1542529324526	44
1542529324553	22
1542529324565	25
1542529324570	23
1542529324575	31
1542529324590	27
1542529324593	30
1542529324606	33
1542529324617	34
1542529324623	33
1542529324639	28
1542529324651	28
1542529324656	28
1542529324667	22
1542529324679	23
1542529324684	28
1542529324689	25
1542529324702	28
1542529324712	29
1542529324714	33
1542529324730	33
1542529324741	54
1542529324747	52
1542529324763	54
1542529324799	29
1542529324795	49
1542529324818	37
1542529324828	30
1542529324844	31
1542529324855	29
1542529324858	27
1542529324875	34
1542529324884	26
1542529324885	30
1542529324909	22
1542529324915	31
1542529324910	36
1542529324931	25
1542529324946	33
1542529324946	34
1542529324956	27
1542529324979	28
1542529324980	30
1542529324983	29
1542529325007	27
1542529325010	24
1542529325012	38
1542529325034	33
1542529325034	38
1542529325051	28
1542529325079	51
1542529325072	63
1542529325067	88
1542529325135	31
1542529325131	37
1542529325155	28
1542529325166	31
1542529325168	33
1542529325183	33
1542529325197	30
1542529325216	28
1542529325202	51
1542529325227	26
1542529325244	22
1542529325253	23
1542529325253	28
1542529325266	35
1542529325276	26
1542529325282	30
1542529325312	24
1542529325301	35
1542529325302	39
1542529325336	26
1542529325336	32
1542529325341	43
1542529325368	50
1542529325384	38
1542529325362	62
1542529325418	27
1542529325422	28
1542529325424	37
1542529325445	36
1542529325450	32
1542529325461	32
1542529325481	33
1542529325493	23
1542529325482	34
1542529325514	31
1542529325516	30
1542529325516	44
1542529325545	28
1542529325560	28
1542529325546	49
1542529325573	22
1542529325588	26
1542529325595	28
1542529325595	35
1542529325614	35
1542529325623	28
1542529325630	32
1542529325650	28
1542529325651	32
1542529325662	36
1542529325678	33
1542529325683	33
1542529325698	57
1542529325711	54
1542529325716	49
1542529325755	23
1542529325765	23
1542529325765	26
1542529325788	22
1542529325778	43
1542529325791	50
1542529325810	32
1542529325821	31
1542529325841	31
1542529325842	35
1542529325853	29
1542529325872	20
1542529325877	27
1542529325882	24
1542529325893	30
1542529325906	28
1542529325904	30
1542529325934	25
1542529325923	48
1542529325934	52
1542529325959	31
1542529325971	43
1542529325990	27
1542529325986	34
1542529326014	23
1542529326020	29
1542529326017	33
1542529326037	23
1542529326050	22
1542529326049	23
1542529326060	27
1542529326072	22
1542529326072	28
1542529326087	33
1542529326094	33
1542529326100	32
1542529326120	35
1542529326132	28
1542529326127	35
1542529326155	29
1542529326160	29
1542529326162	33
1542529326184	26
1542529326189	30
1542529326195	30
1542529326219	25
1542529326210	35
1542529326225	24
1542529326245	62
1542529326244	66
1542529326249	61
1542529326310	34
1542529326307	39
1542529326310	37
1542529326346	34
1542529326347	36
1542529326344	42
1542529326383	25
1542529326380	28
1542529326386	27
1542529326413	23
1542529326408	28
1542529326408	34
1542529326436	32
1542529326436	33
1542529326442	41
1542529326468	27
1542529326469	31
1542529326483	33
1542529326495	31
1542529326500	30
1542529326516	30
1542529326526	27
1542529326530	26
1542529326556	56
1542529326546	67
1542529326553	60
1542529326612	30
1542529326613	35
1542529326613	37
1542529326642	34
1542529326648	38
1542529326650	37
1542529326676	35
1542529326687	30
1542529326686	32
1542529326711	22
1542529326717	24
1542529326718	28
1542529326733	22
1542529326741	28
1542529326746	27
1542529326755	35
1542529326769	30
1542529326773	36
1542529326790	26
1542529326800	28
1542529326809	33
1542529326816	32
1542529326828	31
1542529326848	44
1542529326859	34
1542529326892	29
1542529326842	80
1542529326893	31
1542529326924	33
1542529326922	36
1542529326921	37
1542529326958	36
1542529326957	38
1542529326958	37
1542529326994	33
1542529326995	38
1542529326995	38
1542529327033	31
1542529327027	37
1542529327033	32
1542529327065	31
1542529327064	32
1542529327064	33
1542529327097	29
1542529327096	34
1542529327126	26
1542529327096	56
1542529327130	32
1542529327152	82
1542529327162	73
1542529327152	84
1542529327235	28
1542529327234	34
1542529327236	34
1542529327264	27
1542529327276	29
1542529327276	32
1542529327291	36
1542529327305	23
1542529327308	25
1542529327333	27
1542529327328	33
1542529327327	31
1542529327360	31
1542529327361	47
1542529327361	50
1542529327392	27
1542529327409	29
1542529327411	32
1542529327419	31
1542529327438	24
1542529327450	60
1542529327462	58
1542529327510	25
1542529327443	102
1542529327520	28
1542529327535	29
1542529327545	25
1542529327548	33
1542529327570	39
1542529327581	32
1542529327564	61
1542529327613	25
1542529327609	35
1542529327625	27
1542529327638	32
1542529327644	32
1542529327652	26
1542529327676	25
1542529327678	33
1542529327670	41
1542529327701	32
1542529327711	30
1542529327733	28
1542529327711	53
1542529327761	30
1542529327741	72
1542529327764	53
1542529327792	28
1542529327813	24
1542529327817	31
1542529327820	30
1542529327837	28
1542529327850	27
1542529327848	48
1542529327865	35
1542529327877	38
1542529327896	30
1542529327900	34
1542529327915	34
1542529327926	28
1542529327934	48
1542529327949	36
1542529327954	33
1542529327982	24
1542529327985	33
1542529327987	31
1542529328006	34
1542529328018	24
1542529328018	24
1542529328040	45
1542529328042	78
1542529328043	84
1542529328085	44
1542529328120	35
1542529328129	29
1542529328127	34
1542529328158	25
1542529328156	32
1542529328161	32
1542529328183	39
1542529328193	32
1542529328188	59
1542529328223	30
1542529328225	30
1542529328247	23
1542529328253	28
1542529328255	32
1542529328270	22
1542529328287	38
1542529328292	33
1542529328281	48
1542529328329	26
1542529328325	34
1542529328325	36
1542529328361	52
1542529328359	59
1542529328355	73
1542529328413	29
1542529328419	31
1542529328428	35
1542529328442	26
1542529328450	22
1542529328468	26
1542529328463	36
1542529328472	29
1542529328494	36
1542529328499	31
1542529328501	44
1542529328530	31
1542529328530	31
1542529328545	29
1542529328561	23
1542529328561	29
1542529328574	27
1542529328584	33
1542529328590	33
1542529328601	32
1542529328623	35
1542529328633	36
1542529328617	56
1542529328658	22
1542529328680	35
1542529328673	47
1542529328669	54
1542529328715	35
1542529328720	32
1542529328723	34
1542529328752	27
1542529328757	44
1542529328750	56
1542529328779	31
1542529328801	36
1542529328806	32
1542529328811	30
1542529328838	34
1542529328837	38
1542529328841	38
1542529328872	30
1542529328879	27
1542529328875	37
1542529328906	23
1542529328912	27
1542529328902	51
1542529328929	29
1542529328939	39
1542529328958	41
1542529328978	23
1542529328953	49
1542529328999	29
1542529329001	41
1542529329002	40
1542529329028	25
1542529329042	22
1542529329042	26
1542529329053	30
1542529329064	24
1542529329068	31
1542529329088	29
1542529329083	51
1542529329117	29
1542529329100	51
1542529329134	29
1542529329146	32
1542529329151	29
1542529329178	28
1542529329180	30
1542529329163	54
1542529329206	33
1542529329210	37
1542529329217	31
1542529329248	63
1542529329247	69
1542529329239	98
1542529329311	41
1542529329316	36
1542529329337	35
1542529329352	28
1542529329352	33
1542529329372	32
1542529329380	30
1542529329385	30
1542529329404	32
1542529329410	29
1542529329415	24
1542529329439	26
1542529329436	29
1542529329439	31
1542529329470	26
1542529329465	34
1542529329465	36
1542529329496	28
1542529329499	36
1542529329501	39
1542529329524	35
1542529329535	38
1542529329540	44
1542529329559	31
1542529329584	37
1542529329573	49
1542529329590	41
1542529329621	23
1542529329622	34
1542529329631	30
1542529329661	26
1542529329656	32
1542529329644	57
1542529329688	33
1542529329687	34
1542529329701	35
1542529329721	38
1542529329721	38
1542529329736	27
1542529329759	23
1542529329763	26
1542529329759	33
1542529329782	22
1542529329789	30
1542529329792	44
1542529329804	35
1542529329819	33
1542529329836	25
1542529329839	33
1542529329852	72
1542529329861	64
1542529329872	56
1542529329924	39
1542529329925	38
1542529329928	36
1542529329963	23
1542529329964	22
1542529329986	31
1542529329963	56
1542529329986	40
1542529330019	26
1542529330017	34
1542529330026	30
1542529330045	23
1542529330056	36
1542529330051	48
1542529330068	33
1542529330092	34
1542529330099	29
1542529330101	33
1542529330126	22
1542529330128	27
1542529330134	34
1542529330149	27
1542529330168	28
1542529330176	39
1542529330155	67
1542529330196	53
1542529330215	40
1542529330222	37
1542529330249	33
1542529330255	30
1542529330260	30
1542529330285	26
1542529330282	33
1542529330290	28
1542529330315	30
1542529330318	28
1542529330311	46
1542529330345	28
1542529330347	32
1542529330357	28
1542529330373	29
1542529330379	27
1542529330385	28
1542529330402	34
1542529330406	31
1542529330413	29
1542529330436	27
1542529330437	27
1542529330442	65
1542529330464	45
1542529330463	49
1542529330507	32
1542529330512	31
1542529330509	35
1542529330543	25
1542529330539	39
1542529330544	35
1542529330568	27
1542529330578	31
1542529330579	32
1542529330595	27
1542529330609	26
1542529330611	28
1542529330622	31
1542529330639	27
1542529330653	29
1542529330635	48
1542529330666	35
1542529330682	74
1542529330683	73
1542529330701	56
1542529330757	39
1542529330757	70
1542529330756	72
1542529330796	34
1542529330827	44
1542529330830	46
1542529330828	57
1542529330871	25
1542529330876	27
1542529330885	27
1542529330896	33
1542529330903	28
1542529330912	25
1542529330931	45
1542529330937	39
1542529330929	86
1542529331015	28
1542529330976	69
1542529330976	69
1542529331043	70
1542529331045	73
1542529331045	75
1542529331113	29
1542529331118	29
1542529331120	33
1542529331142	26
1542529331147	23
1542529331153	24
1542529331170	33
1542529331177	28
1542529331168	37
1542529331205	31
1542529331205	32
1542529331203	35
1542529331237	30
1542529331238	34
1542529331236	38
1542529331267	28
1542529331272	29
1542529331274	28
1542529331301	23
1542529331295	34
1542529331302	28
1542529331324	28
1542529331330	23
1542529331329	30
1542529331354	43
1542529331359	38
1542529331352	45
1542529331397	24
1542529331397	28
1542529331397	70
1542529331425	62
1542529331421	66
1542529331467	44
1542529331487	30
1542529331487	35
1542529331511	32
1542529331522	30
1542529331517	49
1542529331543	25
1542529331566	36
1542529331552	51
1542529331568	45
1542529331602	29
1542529331603	30
1542529331613	29
1542529331631	24
1542529331655	64
1542529331642	81
1542529331633	93
1542529331719	27
1542529331723	26
1542529331726	32
1542529331746	32
1542529331749	30
1542529331758	49
1542529331779	31
1542529331778	36
1542529331812	29
1542529331814	28
1542529331807	46
1542529331841	27
1542529331842	29
1542529331853	22
1542529331868	22
1542529331871	30
1542529331875	35
1542529331890	25
1542529331915	29
1542529331901	63
1542529331910	56
1542529331944	55
1542529331967	50
1542529331965	55
1542529331999	34
1542529332017	33
1542529332020	34
1542529332034	26
1542529332050	24
1542529332054	26
1542529332060	28
1542529332074	24
1542529332080	36
1542529332088	32
1542529332098	27
1542529332116	29
1542529332126	30
1542529332120	43
1542529332145	35
1542529332156	29
1542529332163	29
1542529332180	36
1542529332185	32
1542529332192	30
1542529332222	25
1542529332217	30
1542529332216	32
1542529332247	44
1542529332248	45
1542529332247	46
1542529332293	34
1542529332291	37
1542529332293	37
1542529332327	28
1542529332328	32
1542529332330	33
1542529332355	29
1542529332360	25
1542529332363	27
1542529332385	36
1542529332390	31
1542529332385	37
1542529332422	32
1542529332421	57
1542529332421	57
1542529332454	32
1542529332478	31
1542529332487	40
1542529332478	55
1542529332509	30
1542529332527	26
1542529332539	32
1542529332534	37
1542529332553	74
1542529332571	56
1542529332627	42
1542529332571	104
1542529332627	48
1542529332669	33
1542529332675	32
1542529332675	37
1542529332702	33
1542529332708	30
1542529332712	28
1542529332735	28
1542529332740	24
1542529332738	30
1542529332763	24
1542529332764	28
1542529332768	24
1542529332787	28
1542529332792	43
1542529332792	58
1542529332815	35
1542529332835	29
1542529332850	48
1542529332850	54
1542529332864	53
1542529332898	35
1542529332904	32
1542529332917	31
1542529332933	23
1542529332936	23
1542529332948	23
1542529332959	25
1542529332956	28
1542529332972	26
1542529332984	28
1542529332984	30
1542529332998	38
1542529333012	34
1542529333014	35
1542529333036	29
1542529333049	29
1542529333047	34
1542529333065	36
1542529333081	27
1542529333078	30
1542529333101	38
1542529333108	31
1542529333108	82
1542529333139	53
1542529333139	63
1542529333192	33
1542529333202	27
1542529333190	52
1542529333225	31
1542529333229	38
1542529333242	32
1542529333267	22
1542529333256	54
1542529333289	28
1542529333275	55
1542529333310	25
1542529333317	30
1542529333330	29
1542529333335	31
1542529333347	32
1542529333359	28
1542529333366	30
1542529333379	32
1542529333387	29
1542529333396	37
1542529333411	34
1542529333416	29
1542529333433	29
1542529333445	48
1542529333462	33
1542529333445	55
1542529333495	23
1542529333493	29
1542529333500	24
1542529333518	30
1542529333524	27
1542529333522	33
1542529333548	33
1542529333551	32
1542529333555	32
1542529333583	30
1542529333581	33
1542529333587	28
1542529333615	35
1542529333614	36
1542529333613	38
1542529333651	29
1542529333650	34
1542529333650	53
1542529333680	26
1542529333684	32
1542529333703	34
1542529333716	28
1542529333706	46
1542529333737	31
1542529333753	63
1542529333744	87
1542529333768	77
1542529333817	39
1542529333831	26
1542529333845	22
1542529333856	23
1542529333857	31
1542529333867	28
1542529333879	24
1542529333888	32
1542529333903	28
1542529333895	46
1542529333920	29
1542529333931	29
1542529333941	34
1542529333949	34
1542529333960	34
1542529333983	25
1542529333975	34
1542529333994	23
1542529334017	31
1542529334009	51
1542529334008	52
1542529334048	64
1542529334060	55
1542529334060	59
1542529334112	34
1542529334115	34
1542529334119	35
1542529334146	34
1542529334149	33
1542529334154	30
1542529334180	24
1542529334184	25
1542529334182	32
1542529334204	29
1542529334210	27
1542529334214	25
1542529334239	25
1542529334233	33
1542529334237	29
1542529334264	34
1542529334266	34
1542529334266	48
1542529334300	31
1542529334298	35
1542529334314	33
1542529334331	24
1542529334334	37
1542529334355	52
1542529334371	45
1542529334347	74
1542529334416	26
1542529334421	27
1542529334407	50
1542529334442	33
1542529334448	33
1542529334458	27
1542529334475	35
1542529334485	25
1542529334481	33
1542529334510	28
1542529334510	30
1542529334514	28
1542529334542	30
1542529334540	32
1542529334538	35
1542529334573	29
1542529334573	33
1542529334573	58
1542529334602	34
1542529334606	36
1542529334631	33
1542529334636	39
1542529334642	33
1542529334664	53
1542529334675	42
1542529334675	47
1542529334723	28
1542529334717	39
1542529334717	43
1542529334751	33
1542529334756	30
1542529334760	28
1542529334788	26
1542529334785	33
1542529334786	35
1542529334814	29
1542529334818	31
1542529334821	29
1542529334849	30
1542529334850	30
1542529334843	37
1542529334879	26
1542529334880	28
1542529334880	30
1542529334905	31
1542529334908	33
1542529334910	46
1542529334941	43
1542529334956	29
1542529334936	55
1542529334984	39
1542529334991	37
1542529334985	47
1542529335023	40
1542529335028	40
1542529335032	37
1542529335063	32
1542529335068	30
1542529335069	33
1542529335098	26
1542529335095	34
1542529335102	45
1542529335124	32
1542529335129	31
1542529335147	24
1542529335160	26
1542529335156	34
1542529335171	34
1542529335186	22
1542529335190	27
1542529335208	29
1542529335205	33
1542529335217	32
1542529335237	31
1542529335238	30
1542529335249	40
1542529335268	23
1542529335268	61
1542529335289	43
1542529335291	53
1542529335329	51
1542529335332	59
1542529335344	47
1542529335380	22
1542529335391	34
1542529335403	28
1542529335425	29
1542529335391	70
1542529335431	35
1542529335454	30
1542529335466	29
1542529335461	38
1542529335495	31
1542529335499	28
1542529335484	47
1542529335527	31
1542529335531	31
1542529335527	70
1542529335562	64
1542529335597	33
1542529335558	75
1542529335626	22
1542529335633	33
1542529335630	38
1542529335648	29
1542529335666	33
1542529335668	32
1542529335677	26
1542529335699	28
1542529335700	27
1542529335703	29
1542529335732	29
1542529335727	42
1542529335727	48
1542529335761	23
1542529335769	32
1542529335784	26
1542529335801	27
1542529335775	59
1542529335828	32
1542529335834	34
1542529335810	72
1542529335860	33
1542529335868	36
1542529335893	40
1542529335904	30
1542529335882	62
1542529335934	39
1542529335933	45
1542529335944	36
1542529335980	25
1542529335973	32
1542529335978	30
1542529336005	30
1542529336008	32
1542529336005	40
1542529336040	25
1542529336035	35
1542529336045	30
1542529336065	30
1542529336070	31
1542529336075	27
1542529336095	36
1542529336102	29
1542529336132	30
1542529336132	34
1542529336101	107
1542529336166	73
1542529336208	32
1542529336162	80
1542529336242	26
1542529336240	29
1542529336239	34
1542529336273	26
1542529336268	31
1542529336269	33
1542529336299	24
1542529336299	29
1542529336302	32
1542529336323	29
1542529336328	29
1542529336334	28
1542529336352	27
1542529336357	28
1542529336362	39
1542529336379	36
1542529336401	23
1542529336385	45
1542529336415	22
1542529336424	32
1542529336430	29
1542529336437	26
1542529336456	41
1542529336459	59
1542529336463	56
1542529336497	57
1542529336519	38
1542529336518	40
1542529336554	35
1542529336558	35
1542529336557	53
1542529336589	31
1542529336610	29
1542529336593	52
1542529336639	27
1542529336620	50
1542529336645	26
1542529336666	32
1542529336670	36
1542529336671	36
1542529336698	30
1542529336707	27
1542529336706	30
1542529336728	27
1542529336736	26
1542529336734	32
1542529336755	32
1542529336762	25
1542529336766	42
1542529336787	29
1542529336787	37
1542529336808	30
1542529336816	39
1542529336824	32
1542529336838	27
1542529336855	34
1542529336865	30
1542529336856	45
1542529336889	38
1542529336895	33
1542529336901	28
1542529336927	31
1542529336928	31
1542529336929	30
1542529336959	25
1542529336959	26
1542529336959	44
1542529336984	30
1542529336985	32
1542529337003	28
1542529337014	33
1542529337017	32
1542529337031	35
1542529337049	72
1542529337047	74
1542529337066	57
1542529337121	27
1542529337121	27
1542529337123	33
1542529337148	28
1542529337156	31
1542529337148	50
1542529337176	33
1542529337198	36
1542529337187	63
1542529337234	30
1542529337209	62
1542529337250	33
1542529337264	33
1542529337271	33
1542529337283	28
1542529337297	33
1542529337304	46
1542529337311	48
1542529337330	45
1542529337350	57
1542529337359	57
1542529337375	49
1542529337407	32
1542529337424	37
1542529337416	47
1542529337439	36
1542529337461	37
1542529337463	35
1542529337475	29
1542529337498	27
1542529337498	27
1542529337504	37
1542529337525	29
1542529337541	29
1542529337525	46
1542529337570	35
1542529337554	52
1542529337571	50
1542529337605	39
1542529337606	38
1542529337621	36
1542529337657	34
1542529337644	48
1542529337691	25
1542529337692	24
1542529337644	79
1542529337716	30
1542529337716	30
1542529337723	27
1542529337750	26
1542529337746	32
1542529337746	34
1542529337776	34
1542529337778	58
1542529337780	58
1542529337810	30
1542529337840	37
1542529337838	40
1542529337836	43
1542529337878	25
1542529337877	27
1542529337879	25
1542529337904	31
1542529337904	31
1542529337904	31
1542529337935	29
1542529337935	36
1542529337935	39
1542529337965	55
1542529337974	52
1542529337971	57
1542529338028	38
1542529338027	39
1542529338020	46
1542529338066	29
1542529338066	32
1542529338066	32
1542529338095	24
1542529338098	27
1542529338098	49
1542529338119	37
1542529338125	31
1542529338147	37
1542529338156	31
1542529338156	33
1542529338184	27
1542529338189	28
1542529338187	32
1542529338211	32
1542529338217	27
1542529338219	29
1542529338244	43
1542529338248	39
1542529338243	45
1542529338288	32
1542529338287	36
1542529338287	39
1542529338323	37
1542529338326	35
1542529338320	41
1542529338360	35
1542529338361	35
1542529338361	35
1542529338395	23
1542529338396	28
1542529338418	26
1542529338396	51
1542529338424	26
1542529338444	32
1542529338447	32
1542529338450	32
1542529338476	31
1542529338479	28
1542529338482	28
1542529338508	28
1542529338510	32
1542529338508	49
1542529338536	32
1542529338542	64
1542529338568	45
1542529338557	72
1542529338606	28
1542529338613	27
1542529338629	23
1542529338634	34
1542529338640	28
1542529338652	26
1542529338668	35
1542529338678	31
1542529338668	47
1542529338703	32
1542529338709	30
1542529338715	31
1542529338739	23
1542529338746	34
1542529338780	24
1542529338735	76
1542529338762	49
1542529338804	53
1542529338811	52
1542529338811	61
1542529338857	44
1542529338872	30
1542529338863	44
1542529338901	30
1542529338902	35
1542529338907	47
1542529338931	34
1542529338937	38
1542529338954	23
1542529338965	29
1542529338975	24
1542529338999	24
1542529338978	47
1542529338994	41
1542529339025	32
1542529339023	38
1542529339057	34
1542529339035	58
1542529339061	38
1542529339093	34
1542529339091	36
1542529339099	33
1542529339128	29
1542529339132	26
1542529339127	37
1542529339158	55
1542529339157	56
1542529339164	51
1542529339215	31
1542529339213	37
1542529339214	39
1542529339246	36
1542529339253	31
1542529339250	34
1542529339282	29
1542529339284	33
1542529339284	35
1542529339311	32
1542529339317	26
1542529339319	29
1542529339343	27
1542529339344	26
1542529339348	26
1542529339370	21
1542529339370	32
1542529339374	40
1542529339391	29
1542529339402	31
1542529339414	32
1542529339420	33
1542529339433	34
1542529339453	34
1542529339446	41
1542529339467	49
1542529339488	34
1542529339487	35
1542529339516	30
1542529339522	29
1542529339522	30
1542529339551	38
1542529339552	38
1542529339546	58
1542529339590	34
1542529339589	37
1542529339604	34
1542529339626	32
1542529339638	28
1542529339624	48
1542529339658	22
1542529339666	26
1542529339672	27
1542529339680	24
1542529339692	23
1542529339699	32
1542529339704	32
1542529339715	33
1542529339731	30
1542529339736	30
1542529339748	32
1542529339766	30
1542529339761	38
1542529339780	60
1542529339796	47
1542529339799	50
1542529339843	27
1542529339849	27
1542529339841	41
1542529339870	34
1542529339882	45
1542529339904	50
1542529339927	33
1542529339954	32
1542529339876	123
1542529339960	39
1542529339986	23
1542529339999	29
1542529340009	26
1542529339999	57
1542529340028	29
1542529340035	33
1542529340057	55
1542529340068	49
1542529340056	62
1542529340112	29
1542529340117	31
1542529340118	30
1542529340148	25
1542529340148	25
1542529340141	37
1542529340173	31
1542529340173	31
1542529340178	30
1542529340208	25
1542529340204	34
1542529340204	34
1542529340233	29
1542529340238	29
1542529340238	31
1542529340262	28
1542529340267	29
1542529340269	37
1542529340290	33
1542529340296	28
1542529340306	23
1542529340324	27
1542529340323	33
1542529340329	28
1542529340351	42
1542529340356	37
1542529340393	27
1542529340393	31
1542529340357	74
1542529340420	48
1542529340431	44
1542529340424	53
1542529340468	30
1542529340477	35
1542529340498	28
1542529340475	52
1542529340512	31
1542529340526	29
1542529340527	56
1542529340555	29
1542529340543	45
1542529340583	31
1542529340584	31
1542529340588	35
1542529340614	29
1542529340615	33
1542529340623	32
1542529340655	45
1542529340648	57
1542529340643	63
1542529340700	29
1542529340705	28
1542529340706	42
1542529340729	28
1542529340733	24
1542529340748	24
1542529340757	35
1542529340757	35
1542529340772	51
1542529340792	36
1542529340792	38
1542529340823	27
1542529340828	24
1542529340830	33
1542529340863	23
1542529340852	53
1542529340850	58
1542529340886	43
1542529340905	35
1542529340908	32
1542529340940	75
1542529340940	83
1542529340929	97
1542529341015	36
1542529341023	44
1542529341026	44
1542529341051	33
1542529341067	27
1542529341084	28
1542529341070	56
1542529341094	32
1542529341112	34
1542529341126	22
1542529341126	27
1542529341146	24
1542529341148	28
1542529341153	32
1542529341170	23
1542529341176	28
1542529341185	43
1542529341204	28
1542529341193	49
1542529341228	23
1542529341232	35
1542529341251	32
1542529341242	46
1542529341283	36
1542529341288	32
1542529341267	66
1542529341320	31
1542529341319	36
1542529341333	30
1542529341351	27
1542529341355	28
1542529341363	27
1542529341378	26
1542529341383	34
1542529341390	31
1542529341404	28
1542529341417	28
1542529341421	32
1542529341432	27
1542529341445	32
1542529341453	25
1542529341459	26
1542529341478	29
1542529341477	33
1542529341485	26
1542529341507	33
1542529341510	31
1542529341511	31
1542529341540	28
1542529341542	82
1542529341568	61
1542529341629	24
1542529341541	112
1542529341624	33
1542529341653	26
1542529341657	22
1542529341653	32
1542529341679	31
1542529341679	36
1542529341685	34
1542529341710	30
1542529341715	32
1542529341719	29
1542529341740	29
1542529341747	28
1542529341748	33
1542529341769	26
1542529341775	29
1542529341781	29
1542529341795	31
1542529341804	27
1542529341810	32
1542529341826	24
1542529341831	29
1542529341850	49
1542529341842	60
1542529341860	58
1542529341899	33
1542529341902	34
1542529341918	29
1542529341932	34
1542529341936	36
1542529341947	28
1542529341966	30
1542529341972	24
1542529341975	26
1542529341996	28
1542529341996	29
1542529342001	30
1542529342024	26
1542529342025	37
1542529342031	35
1542529342050	25
1542529342062	33
1542529342066	32
1542529342075	33
1542529342098	29
1542529342095	34
1542529342108	27
1542529342130	28
1542529342127	31
1542529342135	27
1542529342158	29
1542529342158	36
1542529342162	32
1542529342194	29
1542529342194	32
1542529342188	38
1542529342226	33
1542529342224	53
1542529342226	55
1542529342259	25
1542529342277	26
1542529342284	32
1542529342282	39
1542529342303	25
1542529342321	33
1542529342316	38
1542529342328	33
1542529342354	28
1542529342354	32
1542529342361	30
1542529342382	27
1542529342386	27
1542529342391	29
1542529342413	28
1542529342409	33
1542529342420	22
1542529342441	27
1542529342442	60
1542529342468	45
1542529342442	89
1542529342502	35
1542529342513	30
1542529342531	28
1542529342537	33
1542529342543	32
1542529342559	31
1542529342570	33
1542529342575	28
1542529342590	27
1542529342603	23
1542529342603	23
1542529342617	28
1542529342626	35
1542529342626	51
1542529342645	34
1542529342661	37
1542529342679	26
1542529342677	29
1542529342698	32
1542529342705	26
1542529342706	32
1542529342730	26
1542529342731	33
1542529342738	73
1542529342811	24
1542529342756	79
1542529342764	75
1542529342835	31
1542529342835	32
1542529342839	34
1542529342866	32
1542529342873	27
1542529342867	34
1542529342900	27
1542529342898	32
1542529342901	30
1542529342927	27
1542529342931	25
1542529342930	30
1542529342960	35
1542529342956	39
1542529342954	61
1542529342995	22
1542529342995	33
1542529343015	29
1542529343017	31
1542529343028	29
1542529343044	43
1542529343048	43
1542529343057	58
1542529343087	32
1542529343091	34
1542529343115	22
1542529343119	29
1542529343125	26
1542529343137	27
1542529343151	26
1542529343148	33
1542529343164	27
1542529343177	33
1542529343181	31
1542529343212	26
1542529343238	28
1542529343266	34
