1540600196534	960
1540600196533	961
1540600196535	972
1540600197498	31
1540600197499	32
1540600197509	26
1540600197531	13
1540600197529	16
1540600197535	17
1540600197545	17
1540600197545	18
1540600197552	16
1540600197563	17
1540600197562	20
1540600197568	18
1540600197580	18
1540600197582	18
1540600197586	19
1540600197599	19
1540600197602	17
1540600197610	18
1540600197618	13
1540600197619	15
1540600197628	14
1540600197632	12
1540600197635	15
1540600197642	16
1540600197644	17
1540600197650	18
1540600197658	17
1540600197661	16
1540600197668	19
1540600197677	18
1540600197675	22
1540600197687	20
1540600197695	15
1540600197697	17
1540600197707	14
1540600197710	14
1540600197714	12
1540600197721	16
1540600197727	12
1540600197724	18
1540600197737	18
1540600197739	17
1540600197742	20
1540600197755	21
1540600197763	18
1540600197757	26
1540600197776	28
1540600197781	23
1540600197783	21
1540600197805	15
1540600197806	14
1540600197806	15
1540600197820	14
1540600197821	15
1540600197820	18
1540600197834	18
1540600197838	17
1540600197836	22
1540600197853	23
1540600197863	17
1540600197863	18
1540600197877	21
1540600197882	19
1540600197880	22
1540600197901	28
1540600197902	27
1540600197898	32
1540600197929	13
1540600197930	20
1540600197929	24
1540600197943	17
1540600197950	25
1540600197960	24
1540600197953	41
1540600197984	27
1540600197994	18
1540600197979	34
1540600198011	13
1540600198012	14
1540600198013	18
1540600198025	16
1540600198026	15
1540600198031	16
1540600198047	15
1540600198041	22
1540600198041	23
1540600198063	18
1540600198063	18
1540600198064	20
1540600198081	21
1540600198081	23
1540600198084	20
1540600198107	14
1540600198106	18
1540600198106	18
1540600198124	15
1540600198125	14
1540600198121	28
1540600198139	14
1540600198140	19
1540600198149	20
1540600198153	27
1540600198161	20
1540600198169	22
1540600198181	21
1540600198182	21
1540600198191	20
1540600198203	18
1540600198202	21
1540600198211	14
1540600198221	20
1540600198223	19
1540600198225	17
1540600198242	21
1540600198242	23
1540600198241	25
1540600198274	19
1540600198273	22
1540600198273	24
1540600198293	17
1540600198295	18
1540600198297	18
1540600198310	13
1540600198314	15
1540600198315	19
1540600198323	13
1540600198329	15
1540600198334	13
1540600198336	17
1540600198348	14
1540600198345	19
1540600198353	16
1540600198362	18
1540600198365	19
1540600198372	16
1540600198388	14
1540600198384	18
1540600198383	20
1540600198402	13
1540600198402	14
1540600198407	17
1540600198417	20
1540600198415	23
1540600198425	14
1540600198441	14
1540600198440	17
1540600198440	19
1540600198455	21
1540600198457	17
1540600198459	21
1540600198476	13
1540600198480	24
1540600198476	32
1540600198489	35
1540600198505	21
1540600198509	22
1540600198528	15
1540600198527	19
1540600198532	23
1540600198544	18
1540600198547	16
1540600198555	13
1540600198562	17
1540600198563	18
1540600198569	19
1540600198581	14
1540600198579	17
1540600198588	17
1540600198596	12
1540600198596	14
1540600198610	16
1540600198610	18
1540600198610	18
1540600198635	18
1540600198635	18
1540600198635	21
1540600198653	15
1540600198653	19
1540600198656	34
1540600198668	26
1540600198674	44
1540600198690	28
1540600198719	19
1540600198719	22
1540600198694	50
1540600198741	19
1540600198738	23
1540600198744	19
1540600198763	13
1540600198761	16
1540600198761	18
1540600198776	17
1540600198778	17
1540600198779	21
1540600198793	26
1540600198795	24
1540600198800	20
1540600198820	15
1540600198820	16
1540600198836	17
1540600198820	33
1540600198835	22
1540600198853	35
1540600198857	33
1540600198853	37
1540600198890	15
1540600198888	17
1540600198890	17
1540600198905	13
1540600198906	19
1540600198908	22
1540600198918	22
1540600198925	19
1540600198930	18
1540600198948	14
1540600198948	21
1540600198940	47
1540600198963	45
1540600198970	40
1540600198987	26
1540600199008	22
1540600199013	20
1540600199011	22
1540600199030	34
1540600199037	29
1540600199037	30
1540600199065	12
1540600199067	14
1540600199066	18
1540600199077	13
1540600199083	18
1540600199084	20
1540600199090	16
1540600199105	19
1540600199106	26
1540600199101	34
1540600199124	15
1540600199135	22
1540600199139	25
1540600199132	33
1540600199157	16
1540600199166	14
1540600199164	18
1540600199180	18
1540600199173	26
1540600199182	31
1540600199199	18
1540600199199	20
1540600199216	22
1540600199217	22
1540600199219	28
1540600199241	15
1540600199247	15
1540600199241	21
1540600199262	13
1540600199262	14
1540600199256	23
1540600199275	12
1540600199279	17
1540600199276	16
1540600199288	15
1540600199296	20
1540600199303	18
1540600199297	27
1540600199321	17
1540600199324	16
1540600199316	34
1540600199338	14
1540600199352	12
1540600199350	17
1540600199340	29
1540600199369	17
1540600199369	20
1540600199370	23
1540600199386	18
1540600199393	13
1540600199389	29
1540600199406	16
1540600199404	31
1540600199422	18
1540600199418	26
1540600199435	17
1540600199452	17
1540600199444	28
1540600199440	36
1540600199472	13
1540600199476	15
1540600199469	24
1540600199485	17
1540600199493	19
1540600199491	26
1540600199502	15
1540600199517	21
1540600199512	27
1540600199517	27
1540600199539	17
1540600199544	15
1540600199538	25
1540600199556	12
1540600199563	16
1540600199568	13
1540600199559	24
1540600199579	13
1540600199581	17
1540600199583	16
1540600199592	13
1540600199598	15
1540600199599	17
1540600199605	15
1540600199613	17
1540600199617	16
1540600199620	15
1540600199630	12
1540600199633	14
1540600199636	16
1540600199642	13
1540600199647	13
1540600199652	12
1540600199655	16
1540600199660	16
1540600199665	12
1540600199671	16
1540600199677	17
1540600199688	16
1540600199677	27
1540600199694	16
1540600199704	13
1540600199704	19
1540600199710	14
1540600199718	13
1540600199724	13
1540600199723	17
1540600199731	17
1540600199740	14
1540600199737	19
1540600199748	21
1540600199754	18
1540600199756	18
1540600199769	18
1540600199772	18
1540600199774	18
1540600199787	13
1540600199792	13
1540600199791	17
1540600199800	13
1540600199805	13
1540600199808	17
1540600199813	17
1540600199819	16
1540600199825	14
1540600199830	17
1540600199835	17
1540600199839	13
1540600199847	16
1540600199853	16
1540600199853	18
1540600199864	12
1540600199871	14
1540600199869	18
1540600199877	13
1540600199885	14
1540600199887	17
1540600199890	16
1540600199899	18
1540600199904	14
1540600199918	13
1540600199906	27
1540600199917	18
1540600199931	17
1540600199933	17
1540600199935	28
1540600199950	14
1540600199948	17
1540600199963	14
1540600199965	12
1540600199965	17
1540600199987	13
1540600199986	14
1540600199987	17
1540600200000	38
1540600200000	80
1540600200005	154
1540600200039	124
1540600200080	83
1540600200159	32
1540600200163	29
1540600200163	29
1540600200192	15
1540600200191	16
1540600200207	14
1540600200207	16
1540600200192	40
1540600200232	18
1540600200222	30
1540600200224	30
1540600200250	14
1540600200254	17
1540600200252	27
1540600200264	18
1540600200272	18
1540600200279	18
1540600200282	18
1540600200290	13
1540600200297	13
1540600200303	16
1540600200300	19
1540600200310	13
1540600200319	15
1540600200319	17
1540600200324	16
1540600200334	16
1540600200336	17
1540600200340	17
1540600200350	18
1540600200353	17
1540600200357	17
1540600200370	14
1540600200374	14
1540600200368	20
1540600200388	37
1540600200384	45
1540600200388	45
1540600200425	21
1540600200433	28
1540600200446	24
1540600200429	42
1540600200471	22
1540600200470	29
1540600200461	48
1540600200493	49
1540600200509	39
1540600200542	30
1540600200499	73
1540600200548	24
1540600200572	21
1540600200572	29
1540600200572	29
1540600200602	121
1540600200593	130
1540600200602	121
1540600200723	20
1540600200723	25
1540600200723	69
1540600200743	77
1540600200792	37
1540600200748	84
1540600200829	20
1540600200821	28
1540600200849	17
1540600200832	44
1540600200876	23
1540600200849	51
1540600200867	36
1540600200900	35
1540600200899	38
1540600200903	37
1540600200935	30
1540600200940	26
1540600200937	30
1540600200965	17
1540600200967	17
1540600200966	28
1540600200984	13
1540600200982	17
1540600200997	12
1540600200999	19
1540600200994	24
1540600201009	17
1540600201018	20
1540600201018	26
1540600201026	21
1540600201038	13
1540600201044	20
1540600201051	17
1540600201047	30
1540600201068	16
1540600201077	12
1540600201064	26
1540600201089	12
1540600201084	20
1540600201090	28
1540600201101	19
1540600201104	24
1540600201118	12
1540600201120	15
1540600201128	18
1540600201135	22
1540600201131	30
1540600201147	20
1540600201157	12
1540600201161	16
1540600201169	11
1540600201167	17
1540600201177	19
1540600201180	17
1540600201184	17
1540600201196	15
1540600201197	16
1540600201201	13
1540600201211	14
1540600201214	13
1540600201213	18
1540600201231	11
1540600201225	28
1540600201242	12
1540600201227	28
1540600201254	16
1540600201253	20
1540600201255	52
1540600201271	77
1540600201308	41
1540600201273	85
1540600201349	13
1540600201349	16
1540600201358	16
1540600201362	16
1540600201374	16
1540600201365	35
1540600201378	27
1540600201390	15
1540600201400	22
1540600201405	19
1540600201406	25
1540600201422	17
1540600201424	16
1540600201431	16
1540600201439	16
1540600201447	14
1540600201440	24
1540600201455	18
1540600201461	13
1540600201473	12
1540600201464	23
1540600201486	12
1540600201474	25
1540600201487	17
1540600201498	16
1540600201504	16
1540600201499	24
1540600201514	18
1540600201520	15
1540600201523	18
1540600201532	15
1540600201535	14
1540600201541	13
1540600201548	12
1540600201549	14
1540600201554	12
1540600201560	12
1540600201566	16
1540600201563	26
1540600201572	19
1540600201583	17
1540600201590	24
1540600201591	27
1540600201614	23
1540600201618	20
1540600201600	54
1540600201638	25
1540600201637	26
1540600201654	12
1540600201663	18
1540600201663	19
1540600201666	16
1540600201681	19
1540600201682	29
1540600201682	41
1540600201723	21
1540600201700	98
1540600201711	89
1540600201744	73
1540600201798	25
1540600201800	33
1540600201817	19
1540600201823	24
1540600201833	20
1540600201847	23
1540600201836	58
1540600201853	47
1540600201870	33
1540600201900	30
1540600201894	53
1540600201904	55
1540600201930	49
1540600201959	31
1540600201990	18
1540600201947	64
1540600201979	70
1540600202008	41
1540600202049	18
1540600202050	28
1540600202011	68
1540600202067	23
1540600202078	20
1540600202079	26
1540600202090	20
1540600202098	18
1540600202105	30
1540600202110	26
1540600202117	26
1540600202143	14
1540600202137	23
1540600202135	27
1540600202160	12
1540600202172	21
1540600202157	43
1540600202162	39
1540600202193	27
1540600202200	21
1540600202201	20
1540600202220	36
1540600202221	57
1540600202221	59
1540600202280	17
1540600202256	41
1540600202297	28
1540600202297	29
1540600202278	48
1540600202326	17
1540600202326	19
1540600202325	37
1540600202344	29
1540600202345	43
1540600202373	17
1540600202362	30
1540600202388	15
1540600202403	12
1540600202390	32
1540600202392	34
1540600202415	11
1540600202422	11
1540600202426	13
1540600202433	12
1540600202426	26
1540600202445	15
1540600202439	24
1540600202452	15
1540600202460	15
1540600202464	15
1540600202467	15
1540600202476	15
1540600202482	13
1540600202479	17
1540600202491	14
1540600202505	15
1540600202496	31
1540600202496	32
1540600202520	16
1540600202527	15
1540600202528	17
1540600202538	17
1540600202543	13
1540600202545	18
1540600202555	16
1540600202563	16
1540600202571	12
1540600202556	31
1540600202579	13
1540600202583	11
1540600202587	17
1540600202594	15
1540600202592	24
1540600202604	16
1540600202609	14
1540600202616	16
1540600202620	12
1540600202623	15
1540600202632	18
1540600202633	17
1540600202638	14
1540600202652	12
1540600202650	17
1540600202650	18
1540600202664	15
1540600202667	14
1540600202668	16
1540600202679	15
1540600202681	13
1540600202684	15
1540600202694	17
1540600202699	14
1540600202694	21
1540600202711	15
1540600202713	14
1540600202715	15
1540600202726	18
1540600202730	14
1540600202727	19
1540600202744	13
1540600202744	17
1540600202746	16
1540600202757	12
1540600202762	15
1540600202761	18
1540600202769	16
1540600202777	11
1540600202779	17
1540600202788	12
1540600202785	15
1540600202796	14
1540600202800	15
1540600202800	17
1540600202810	24
1540600202815	23
1540600202817	21
1540600202838	20
1540600202838	23
1540600202861	13
1540600202834	40
1540600202874	13
1540600202858	29
1540600202874	27
1540600202887	15
1540600202887	17
1540600202901	16
1540600202904	16
1540600202902	27
1540600202917	13
1540600202920	17
1540600202930	12
1540600202929	13
1540600202937	14
1540600202943	13
1540600202943	20
1540600202951	14
1540600202956	16
1540600202963	17
1540600202965	16
1540600202972	17
1540600202980	17
1540600202981	29
1540600202989	22
1540600202997	134
1540600203011	128
1540600203010	133
1540600203131	19
1540600203139	28
1540600203143	25
1540600203150	21
1540600203168	14
1540600203167	17
1540600203171	14
1540600203182	17
1540600203184	16
1540600203185	15
1540600203200	15
1540600203199	20
1540600203200	24
1540600203215	18
1540600203224	13
1540600203233	16
1540600203219	31
1540600203238	13
1540600203250	14
1540600203251	17
1540600203249	30
1540600203264	18
1540600203268	16
1540600203279	19
1540600203282	19
1540600203284	22
1540600203298	13
1540600203306	16
1540600203311	12
1540600203301	23
1540600203322	15
1540600203323	17
1540600203324	17
1540600203340	23
1540600203337	28
1540600203342	25
1540600203363	18
1540600203365	17
1540600203381	17
1540600203367	31
1540600203382	21
1540600203398	13
1540600203398	16
1540600203403	13
1540600203411	16
1540600203414	15
1540600203416	13
1540600203427	15
1540600203429	22
1540600203429	22
1540600203442	24
1540600203451	23
1540600203466	29
1540600203495	29
1540600203474	55
1540600203451	89
1540600203540	40
1540600203529	73
1540600203524	95
1540600203602	44
1540600203619	34
1540600203580	100
1540600203680	19
1540600203646	57
1540600203653	50
1540600203699	46
1540600203703	42
1540600203703	42
1540600203745	15
1540600203745	17
1540600203745	18
1540600203763	42
1540600203760	44
1540600203762	48
1540600203805	48
1540600203808	46
1540600203810	66
1540600203853	23
1540600203854	22
1540600203876	17
1540600203876	21
1540600203876	22
1540600203893	20
1540600203898	45
1540600203897	53
1540600203913	41
1540600203943	16
1540600203950	18
1540600203954	16
1540600203968	15
1540600203959	37
1540600203983	16
1540600203996	26
1540600203970	52
1540600203999	24
1540600204022	29
1540600204022	30
1540600204023	30
1540600204052	14
1540600204052	16
1540600204053	19
1540600204066	19
1540600204072	26
1540600204085	15
1540600204068	34
1540600204098	16
1540600204100	16
1540600204102	16
1540600204116	20
1540600204114	26
1540600204119	30
1540600204136	22
1540600204158	19
1540600204140	44
1540600204149	72
1540600204177	47
1540600204185	42
1540600204222	15
1540600204224	25
1540600204227	22
1540600204249	14
1540600204249	16
1540600204238	30
1540600204265	13
1540600204263	20
1540600204268	18
1540600204278	14
1540600204286	18
1540600204292	16
1540600204283	31
1540600204304	13
1540600204308	18
1540600204317	27
1540600204326	21
1540600204314	36
1540600204344	16
1540600204347	14
1540600204350	13
1540600204361	14
1540600204363	14
1540600204360	21
1540600204375	17
1540600204377	17
1540600204381	15
1540600204396	12
1540600204395	17
1540600204392	26
1540600204408	17
1540600204412	18
1540600204418	17
1540600204425	15
1540600204430	13
1540600204435	12
1540600204440	15
1540600204443	14
1540600204447	12
1540600204455	15
1540600204457	17
1540600204459	15
1540600204471	11
1540600204474	17
1540600204482	11
1540600204474	26
1540600204491	18
1540600204493	17
1540600204500	16
1540600204509	14
1540600204510	16
1540600204516	13
1540600204523	12
1540600204526	14
1540600204529	12
1540600204540	11
1540600204536	16
1540600204541	14
1540600204551	11
1540600204552	17
1540600204555	15
1540600204569	16
1540600204570	16
1540600204562	27
1540600204585	14
1540600204589	20
1540600204586	24
1540600204610	13
1540600204610	17
1540600204601	28
1540600204627	13
1540600204629	18
1540600204623	30
1540600204640	14
1540600204647	17
1540600204654	15
1540600204653	18
1540600204664	19
1540600204669	17
1540600204671	18
1540600204683	15
1540600204689	14
1540600204686	17
1540600204698	14
1540600204703	15
1540600204703	22
1540600204712	19
1540600204718	19
1540600204726	13
1540600204732	21
1540600204743	17
1540600204743	20
1540600204753	18
1540600204760	16
1540600204763	17
1540600204771	15
1540600204776	12
1540600204788	12
1540600204786	15
1540600204780	24
1540600204801	19
1540600204804	25
1540600204820	23
1540600204830	17
1540600204843	20
1540600204847	16
1540600204863	14
1540600204863	18
1540600204877	14
1540600204881	17
1540600204898	14
1540600204800	114
1540600204892	31
1540600204912	15
1540600204914	24
1540600204923	18
1540600204927	17
1540600204938	15
1540600204941	15
1540600204944	16
1540600204953	11
1540600204957	13
1540600204964	11
1540600204960	18
1540600204970	13
1540600204976	16
1540600204978	15
1540600204983	16
1540600204992	14
1540600204999	18
1540600204993	24
1540600205006	14
1540600205020	11
1540600205017	17
1540600205017	19
1540600205031	11
1540600205036	13
1540600205034	17
1540600205042	14
1540600205049	13
1540600205051	16
1540600205056	13
1540600205062	17
1540600205067	14
1540600205069	16
1540600205081	13
1540600205085	11
1540600205079	17
1540600205096	15
1540600205094	18
1540600205096	16
1540600205112	12
1540600205111	17
1540600205112	18
1540600205124	12
1540600205128	17
1540600205130	16
1540600205147	14
1540600205136	25
1540600205145	19
1540600205161	12
1540600205161	20
1540600205164	21
1540600205174	14
1540600205181	16
1540600205185	12
1540600205188	14
1540600205197	15
1540600205197	19
1540600205202	15
1540600205212	11
1540600205217	12
1540600205223	15
1540600205216	25
1540600205229	12
1540600205238	15
1540600205241	15
1540600205241	26
1540600205256	12
1540600205253	16
1540600205268	12
1540600205267	16
1540600205269	22
1540600205280	16
1540600205283	14
1540600205291	12
1540600205297	12
1540600205296	15
1540600205303	16
1540600205309	14
1540600205311	19
1540600205319	15
1540600205323	15
1540600205334	16
1540600205339	15
1540600205330	27
1540600205357	65
1540600205350	72
1540600205354	71
1540600205423	12
1540600205425	12
1540600205423	15
1540600205438	12
1540600205435	16
1540600205438	14
1540600205450	15
1540600205451	16
1540600205452	15
1540600205467	14
1540600205467	17
1540600205465	25
1540600205481	13
1540600205484	12
1540600205496	12
1540600205494	15
1540600205490	27
1540600205508	15
1540600205509	16
1540600205517	13
1540600205525	16
1540600205523	26
1540600205530	25
1540600205541	20
1540600205555	30
1540600205549	47
1540600205596	15
1540600205561	56
1540600205585	37
1540600205611	20
1540600205622	30
1540600205617	37
1540600205652	12
1540600205631	36
1540600205654	14
1540600205667	16
1540600205668	16
1540600205664	31
1540600205683	18
1540600205701	26
1540600205684	49
1540600205695	40
1540600205727	12
1540600205733	14
1540600205739	16
1540600205735	26
1540600205755	16
1540600205747	25
1540600205771	15
1540600205761	27
1540600205772	27
1540600205787	18
1540600205788	29
1540600205805	13
1540600205799	21
1540600205817	12
1540600205820	12
1540600205818	16
1540600205832	13
1540600205830	15
1540600205834	14
1540600205845	16
1540600205848	16
1540600205845	24
1540600205861	15
1540600205869	16
1540600205864	22
1540600205876	33
1540600205885	24
1540600205886	25
1540600205909	13
1540600205909	14
1540600205911	17
1540600205922	15
1540600205923	18
1540600205928	17
1540600205937	21
1540600205945	16
1540600205941	37
1540600205958	24
1540600205961	21
1540600205982	13
1540600205982	24
1540600205978	56
1540600206006	35
1540600206041	19
1540600205996	65
1540600206034	35
1540600206060	17
1540600206061	17
1540600206069	13
1540600206077	16
1540600206082	17
1540600206078	24
1540600206093	17
1540600206099	16
1540600206102	12
1540600206110	14
1540600206115	18
1540600206124	13
1540600206115	22
1540600206133	16
1540600206137	15
1540600206137	26
1540600206149	17
1540600206152	15
1540600206164	14
1540600206167	15
1540600206166	28
1540600206183	12
1540600206178	22
1540600206194	13
1540600206195	24
1540600206207	20
1540600206200	33
1540600206219	17
1540600206227	15
1540600206233	18
1540600206236	17
1540600206242	16
1540600206251	14
1540600206253	16
1540600206265	14
1540600206269	13
1540600206258	36
1540600206294	24
1540600206282	36
1540600206279	42
1540600206318	12
1540600206318	16
1540600206321	15
1540600206330	17
1540600206337	15
1540600206334	19
1540600206347	15
1540600206352	12
1540600206363	15
1540600206353	27
1540600206364	22
1540600206380	12
1540600206378	23
1540600206386	15
1540600206392	12
1540600206401	13
1540600206401	17
1540600206404	15
1540600206414	15
1540600206418	15
1540600206419	26
1540600206430	17
1540600206433	21
1540600206445	16
1540600206447	16
1540600206462	12
1540600206454	22
1540600206463	21
1540600206474	13
1540600206484	11
1540600206487	15
1540600206476	28
1540600206495	16
1540600206502	16
1540600206504	16
1540600206511	15
1540600206520	20
1540600206518	22
1540600206540	19
1540600206540	21
1540600206526	35
1540600206561	14
1540600206561	17
1540600206559	19
1540600206578	15
1540600206575	20
1540600206578	18
1540600206593	19
1540600206595	17
1540600206596	19
1540600206612	29
1540600206615	30
1540600206612	33
1540600206641	14
1540600206645	14
1540600206645	18
1540600206655	16
1540600206659	16
1540600206671	16
1540600206675	14
1540600206663	33
1540600206687	16
1540600206689	18
1540600206696	25
1540600206703	25
1540600206707	24
1540600206721	21
1540600206728	22
1540600206731	30
1540600206742	20
1540600206750	22
1540600206761	14
1540600206762	23
1540600206772	24
1540600206785	15
1540600206775	26
1540600206796	17
1540600206800	32
1540600206801	43
1540600206832	21
1540600206813	41
1540600206853	27
1540600206854	37
1540600206844	51
1540600206880	17
1540600206891	13
1540600206895	15
1540600206897	19
1540600206904	18
1540600206916	30
1540600206922	31
1540600206910	43
1540600206946	67
1540600206953	64
1540600206953	68
1540600207013	27
1540600207017	37
1540600207040	18
1540600207021	39
1540600207054	20
1540600207058	17
1540600207060	18
1540600207075	16
1540600207074	21
1540600207078	26
1540600207091	22
1540600207095	19
1540600207104	24
1540600207113	25
1540600207114	24
1540600207128	28
1540600207138	18
1540600207138	19
1540600207156	21
1540600207156	27
1540600207157	26
1540600207183	39
1540600207183	52
1540600207235	13
1540600207177	72
1540600207248	15
1540600207222	43
1540600207249	31
1540600207265	28
1540600207264	32
1540600207296	41
1540600207280	61
1540600207293	67
1540600207337	28
1540600207341	27
1540600207365	18
1540600207360	41
1540600207368	41
1540600207383	26
1540600207409	35
1540600207409	37
1540600207402	51
1540600207444	17
1540600207446	19
1540600207453	26
1540600207461	24
1540600207479	17
1540600207465	45
1540600207485	29
1540600207497	25
1540600207514	30
1540600207510	55
1540600207522	44
1540600207544	25
1540600207565	12
1540600207566	12
1540600207569	16
1540600207578	17
1540600207577	18
1540600207585	25
1540600207595	16
1540600207595	16
1540600207610	12
1540600207611	16
1540600207611	22
1540600207627	14
1540600207633	17
1540600207622	29
1540600207641	11
1540600207650	13
1540600207652	16
1540600207651	18
1540600207663	16
1540600207668	19
1540600207669	25
1540600207687	16
1540600207679	26
1540600207703	15
1540600207694	31
1540600207718	11
1540600207705	30
1540600207725	13
1540600207729	16
1540600207738	16
1540600207735	26
1540600207754	17
1540600207745	27
1540600207761	13
1540600207771	17
1540600207774	15
1540600207772	25
1540600207789	16
1540600207797	12
1540600207788	26
1540600207805	15
1540600207809	12
1540600207814	12
1540600207820	14
1540600207821	17
1540600207826	12
1540600207834	13
1540600207838	16
1540600207838	18
1540600207847	17
1540600207856	15
1540600207854	25
1540600207864	17
1540600207871	12
1540600207883	12
1540600207881	15
1540600207880	23
1540600207896	13
1540600207895	16
1540600207903	11
1540600207909	13
1540600207911	14
1540600207914	11
1540600207922	15
1540600207925	15
1540600207940	11
1540600207926	27
1540600207937	16
1540600207951	12
1540600207953	16
1540600207953	16
1540600207963	15
1540600207969	13
1540600207969	17
1540600207978	15
1540600207982	12
1540600207986	14
1540600207993	15
1540600207994	16
1540600208000	14
1540600208008	11
1540600208010	16
1540600208014	17
1540600208019	12
1540600208027	18
1540600208031	16
1540600208031	27
1540600208045	14
1540600208047	14
1540600208061	13
1540600208059	15
1540600208058	19
1540600208074	11
1540600208075	15
1540600208078	15
1540600208085	15
1540600208090	16
1540600208093	13
1540600208100	14
1540600208106	12
1540600208106	15
1540600208115	14
1540600208121	13
1540600208129	12
1540600208134	13
1540600208119	29
1540600208141	12
1540600208147	16
1540600208148	17
1540600208153	13
1540600208163	16
1540600208167	13
1540600208165	17
1540600208180	15
1540600208182	14
1540600208179	18
1540600208197	12
1540600208196	14
1540600208195	24
1540600208209	13
1540600208210	17
1540600208219	12
1540600208222	16
1540600208227	18
1540600208231	15
1540600208238	16
1540600208246	18
1540600208254	16
1540600208247	26
1540600208264	17
1540600208270	17
1540600208281	30
1540600208287	61
1540600208273	76
1540600208311	43
1540600208349	27
1540600208354	23
1540600208348	42
1540600208376	26
1540600208377	32
1540600208402	18
1540600208390	48
1540600208409	38
1540600208420	31
1540600208439	22
1540600208451	32
1540600208447	43
1540600208461	32
1540600208483	15
1540600208493	19
1540600208490	59
1540600208498	54
1540600208512	41
1540600208549	19
1540600208553	20
1540600208552	37
1540600208573	33
1540600208589	20
1540600208568	49
1540600208606	13
1540600208617	13
1540600208609	22
1540600208619	12
1540600208630	12
1540600208631	13
1540600208631	17
1540600208644	16
1540600208648	17
1540600208643	31
1540600208661	16
1540600208665	17
1540600208674	17
1540600208677	16
1540600208682	12
1540600208695	12
1540600208691	18
1540600208693	16
1540600208709	13
1540600208707	16
1540600208709	22
1540600208722	13
1540600208723	17
1540600208731	15
1540600208735	17
1540600208740	15
1540600208746	17
1540600208755	13
1540600208752	18
1540600208764	18
1540600208768	18
1540600208770	26
1540600208782	22
1540600208786	25
1540600208804	19
1540600208796	44
1540600208811	29
1540600208823	31
1540600208840	14
1540600208840	16
1540600208856	12
1540600208854	16
1540600208854	17
1540600208868	13
1540600208870	16
1540600208872	20
1540600208881	16
1540600208886	24
1540600208897	15
1540600208892	26
1540600208910	13
1540600208912	16
1540600208918	12
1540600208928	13
1540600208930	12
1540600208923	22
1540600208941	12
1540600208942	16
1540600208945	14
1540600208953	16
1540600208958	14
1540600208959	14
1540600208969	16
1540600208972	15
1540600208974	15
1540600208987	12
1540600208989	12
1540600208985	16
1540600208999	12
1540600209001	12
1540600209001	12
1540600209011	16
1540600209013	16
1540600209013	23
1540600209027	16
1540600209036	16
1540600209029	25
1540600209043	24
1540600209052	17
1540600209054	17
1540600209067	12
1540600209071	13
1540600209069	23
1540600209084	13
1540600209079	24
1540600209092	12
1540600209097	17
1540600209104	11
1540600209103	15
1540600209116	15
1540600209114	21
1540600209118	26
1540600209131	17
1540600209136	16
1540600209145	15
1540600209148	14
1540600209152	13
1540600209160	13
1540600209162	11
1540600209173	12
1540600209174	12
1540600209165	23
1540600209185	16
1540600209188	18
1540600209186	24
1540600209206	17
1540600209202	23
1540600209210	25
1540600209223	17
1540600209235	16
1540600209240	13
1540600209225	29
1540600209251	13
1540600209253	14
1540600209254	14
1540600209264	13
1540600209268	13
1540600209267	17
1540600209277	16
1540600209281	17
1540600209284	16
1540600209298	17
1540600209300	17
1540600209293	26
1540600209317	14
1540600209319	17
1540600209316	25
1540600209331	13
1540600209336	14
1540600209344	17
1540600209351	14
1540600209341	26
1540600209361	18
1540600209367	14
1540600209365	26
1540600209379	17
1540600209381	16
1540600209391	16
1540600209396	13
1540600209397	18
1540600209409	13
1540600209407	17
1540600209415	17
1540600209424	12
1540600209422	17
1540600209432	14
1540600209436	12
1540600209446	14
1540600209439	27
1540600209448	27
1540600209460	18
1540600209466	26
1540600209475	18
1540600209479	26
1540600209492	13
1540600209494	17
1540600209505	15
1540600209511	14
1540600209505	25
1540600209525	14
1540600209521	22
1540600209530	17
1540600209543	12
1540600209539	17
1540600209547	17
1540600209556	17
1540600209564	17
1540600209556	25
1540600209573	17
1540600209581	13
1540600209590	14
1540600209581	25
1540600209594	14
1540600209606	17
1540600209608	18
1540600209604	25
1540600209623	13
1540600209629	18
1540600209637	12
1540600209626	26
1540600209647	16
1540600209652	15
1540600209649	25
1540600209663	16
1540600209667	13
1540600209674	15
1540600209679	13
1540600209680	14
1540600209689	15
1540600209692	12
1540600209694	14
1540600209704	12
1540600209704	15
1540600209716	14
1540600209719	16
1540600209709	26
1540600209731	16
1540600209735	15
1540600209735	16
1540600209751	12
1540600209750	13
1540600209747	18
1540600209763	13
1540600209763	13
1540600209765	16
1540600209776	15
1540600209776	17
1540600209781	12
1540600209792	15
1540600209793	16
1540600209794	22
1540600209807	15
1540600209809	15
1540600209816	15
1540600209824	12
1540600209822	22
1540600209836	11
1540600209831	16
1540600209845	13
1540600209847	16
1540600209847	17
1540600209858	16
1540600209863	12
1540600209864	26
1540600209874	17
1540600209875	24
1540600209891	16
1540600209899	17
1540600209891	26
1540600209913	14
1540600209917	12
1540600209916	17
1540600209927	13
1540600209929	13
1540600209933	17
1540600209945	17
1540600209945	17
1540600209951	13
1540600209964	13
1540600209962	17
1540600209962	17
1540600209977	17
1540600209979	17
1540600209979	17
1540600209996	12
1540600209996	15
1540600209995	18
1540600210011	19
1540600210013	21
1540600210009	36
1540600210030	16
1540600210034	15
1540600210045	17
1540600210046	48
1540600210063	32
1540600210049	51
1540600210094	16
1540600210095	16
1540600210110	12
1540600210111	13
1540600210100	29
1540600210122	13
1540600210124	12
1540600210129	17
1540600210135	16
1540600210136	16
1540600210146	18
1540600210151	15
1540600210152	16
1540600210164	16
1540600210166	16
1540600210168	16
1540600210180	14
1540600210184	12
1540600210182	14
1540600210196	13
1540600210196	13
1540600210194	25
1540600210209	21
1540600210209	26
1540600210219	18
1540600210231	17
1540600210235	16
1540600210238	26
1540600210248	17
1540600210252	16
1540600210264	11
1540600210265	13
1540600210268	13
1540600210275	12
1540600210278	12
1540600210281	13
1540600210287	16
1540600210290	17
1540600210294	16
1540600210303	15
1540600210307	17
1540600210310	15
1540600210318	16
1540600210324	16
1540600210326	16
1540600210340	13
1540600210342	12
1540600210334	24
1540600210353	13
1540600210358	13
1540600210355	22
1540600210366	16
1540600210371	16
1540600210382	17
1540600210382	18
1540600210387	16
1540600210399	17
1540600210403	16
1540600210400	24
1540600210419	13
1540600210416	16
1540600210433	13
1540600210433	13
1540600210433	21
1540600210450	12
1540600210454	11
1540600210450	16
1540600210463	17
1540600210466	15
1540600210466	17
1540600210480	17
1540600210481	17
1540600210483	17
1540600210497	16
1540600210500	14
1540600210498	16
1540600210513	12
1540600210514	13
1540600210515	12
1540600210525	13
1540600210528	12
1540600210527	15
1540600210538	15
1540600210540	16
1540600210542	16
1540600210553	16
1540600210556	14
1540600210558	14
1540600210569	15
1540600210572	13
1540600210571	15
1540600210584	13
1540600210586	14
1540600210597	12
1540600210585	25
1540600210600	11
1540600210610	15
1540600210610	17
1540600210611	16
1540600210625	15
1540600210627	17
1540600210627	21
1540600210646	15
1540600210646	18
1540600210663	12
1540600210649	28
1540600210664	13
1540600210675	12
1540600210677	14
1540600210677	14
1540600210687	15
1540600210691	14
1540600210691	17
1540600210702	16
1540600210709	20
1540600210705	32
1540600210718	26
1540600210729	18
1540600210749	13
1540600210737	26
1540600210749	14
1540600210764	13
1540600210764	17
1540600210762	13
1540600210777	16
1540600210781	14
1540600210785	15
1540600210800	13
1540600210800	15
1540600210800	16
1540600210813	17
1540600210816	14
1540600210815	16
1540600210831	12
1540600210830	17
1540600210830	23
1540600210843	13
1540600210847	16
1540600210853	12
1540600210856	17
1540600210863	14
1540600210865	16
1540600210873	15
1540600210877	14
1540600210881	16
1540600210888	16
1540600210891	17
1540600210897	16
1540600210904	14
1540600210908	21
1540600210913	30
1540600210929	20
1540600210919	35
1540600210943	13
1540600210949	14
1540600210954	16
1540600210956	16
1540600210963	13
1540600210971	16
1540600210973	15
1540600210976	15
1540600210987	16
1540600210988	16
1540600210991	18
1540600211003	20
1540600211004	19
1540600211009	18
1540600211028	13
1540600211028	13
1540600211028	45
1540600211092	15
1540600211092	18
1540600211093	17
1540600211112	17
1540600211112	17
1540600211113	17
1540600211129	17
1540600211129	19
1540600211130	19
1540600211146	13
1540600211149	14
1540600211148	20
1540600211159	13
1540600211165	14
1540600211168	14
1540600211173	16
1540600211182	17
1540600211179	22
1540600211189	21
1540600211200	17
1540600211210	16
1540600211201	28
1540600211218	18
1540600211226	13
1540600211229	17
1540600211239	13
1540600211236	17
1540600211247	13
1540600211253	13
1540600211252	16
1540600211260	14
1540600211266	14
1540600211268	16
1540600211274	20
1540600211280	17
1540600211284	15
1540600211294	16
1540600211297	18
1540600211300	24
1540600211310	18
1540600211315	18
1540600211324	13
1540600211328	13
1540600211333	14
1540600211338	16
1540600211342	14
1540600211347	14
1540600211355	16
1540600211356	18
1540600211361	16
1540600211371	18
1540600211374	19
1540600211377	16
1540600211389	13
1540600211393	18
1540600211393	20
1540600211402	13
1540600211411	14
1540600211413	13
1540600211415	16
1540600211425	14
1540600211426	15
1540600211431	17
1540600211439	18
1540600211441	18
1540600211448	16
1540600211457	16
1540600211464	17
1540600211459	22
1540600211481	13
1540600211474	24
1540600211481	18
1540600211494	17
1540600211498	13
1540600211499	14
1540600211511	14
1540600211513	13
1540600211511	16
1540600211525	18
1540600211527	18
1540600211527	18
1540600211545	18
1540600211545	18
1540600211543	30
1540600211564	15
1540600211564	18
1540600211573	17
1540600211582	13
1540600211579	17
1540600211590	13
1540600211596	13
1540600211596	16
1540600211604	12
1540600211609	17
1540600211613	15
1540600211617	18
1540600211628	13
1540600211626	17
1540600211635	19
1540600211643	17
1540600211641	25
1540600211660	14
1540600211654	28
1540600211667	16
1540600211675	13
1540600211682	12
1540600211683	16
1540600211688	16
1540600211694	12
1540600211699	18
1540600211704	18
1540600211706	28
1540600211717	19
1540600211722	16
1540600211736	11
1540600211734	17
1540600211738	13
1540600211748	14
1540600211751	14
1540600211751	16
1540600211762	15
1540600211765	16
1540600211767	14
1540600211777	14
1540600211781	14
1540600211781	16
1540600211791	12
1540600211795	17
1540600211803	11
1540600211797	17
1540600211814	20
1540600211814	21
1540600211813	23
1540600211834	16
1540600211835	16
1540600211836	27
1540600211850	16
1540600211863	14
1540600211851	26
1540600211877	22
1540600211866	38
1540600211877	33
1540600211899	15
1540600211904	17
1540600211910	13
1540600211914	14
1540600211921	12
1540600211923	17
1540600211928	15
1540600211940	17
1540600211943	16
1540600211934	27
1540600211959	11
1540600211957	16
1540600211961	15
1540600211973	11
1540600211970	15
1540600211976	16
1540600211985	13
1540600211985	16
1540600211992	16
1540600211998	19
1540600212001	17
1540600212008	12
1540600212018	16
1540600212020	16
1540600212017	21
1540600212034	13
1540600212036	18
1540600212039	17
1540600212047	16
1540600212056	40
1540600212063	33
1540600212054	53
1540600212096	24
1540600212096	27
1540600212118	33
1540600212123	33
1540600212120	36
1540600212151	14
1540600212158	14
1540600212160	23
1540600212165	20
1540600212172	22
1540600212183	30
1540600212194	26
1540600212185	28
1540600212220	14
1540600212221	16
1540600212220	19
1540600212234	14
1540600212239	13
1540600212237	16
1540600212252	13
1540600212249	16
1540600212254	12
1540600212266	14
1540600212265	18
1540600212265	20
1540600212280	17
1540600212283	16
1540600212285	16
1540600212297	14
1540600212301	13
1540600212299	17
1540600212314	14
1540600212316	13
1540600212312	18
1540600212330	15
1540600212329	17
1540600212328	21
1540600212346	15
1540600212346	17
1540600212349	16
1540600212361	16
1540600212363	18
1540600212365	18
1540600212378	17
1540600212381	17
1540600212383	15
1540600212398	11
1540600212399	14
1540600212395	18
1540600212410	13
1540600212414	13
1540600212414	16
1540600212427	12
1540600212423	17
1540600212430	16
1540600212439	16
1540600212440	19
1540600212446	17
1540600212455	19
1540600212459	16
1540600212463	14
1540600212475	13
1540600212477	13
1540600212474	20
1540600212488	12
1540600212494	13
1540600212491	28
1540600212507	13
1540600212500	29
1540600212519	16
1540600212521	17
1540600212529	22
1540600212535	18
1540600212539	21
1540600212553	14
1540600212551	19
1540600212562	18
1540600212568	14
1540600212570	13
1540600212583	13
1540600212580	15
1540600212582	17
1540600212597	12
1540600212596	16
1540600212599	17
1540600212609	16
1540600212612	15
1540600212616	17
1540600212625	18
1540600212627	17
1540600212634	13
1540600212644	11
1540600212644	19
1540600212647	14
1540600212655	13
1540600212663	14
1540600212663	17
1540600212668	17
1540600212680	17
1540600212677	22
1540600212685	14
1540600212697	18
1540600212700	17
1540600212715	14
1540600212699	31
1540600212717	16
1540600212733	14
1540600212731	16
1540600212731	18
1540600212749	15
1540600212747	17
1540600212747	18
1540600212764	14
1540600212766	15
1540600212764	20
1540600212778	13
1540600212782	17
1540600212784	17
1540600212791	17
1540600212799	14
1540600212801	14
1540600212808	16
1540600212813	13
1540600212816	14
1540600212826	17
1540600212831	20
1540600212824	27
1540600212843	21
1540600212851	15
1540600212851	22
1540600212866	16
1540600212864	18
1540600212874	16
1540600212882	13
1540600212882	17
1540600212890	13
1540600212895	15
1540600212903	14
1540600212900	18
1540600212910	22
1540600212917	16
1540600212919	26
1540600212932	22
1540600212933	23
1540600212945	13
1540600212954	16
1540600212958	12
1540600212956	16
1540600212970	14
1540600212972	13
1540600212970	17
1540600212984	13
1540600212985	13
1540600212987	15
1540600212998	18
1540600212999	18
1540600213002	17
1540600213019	12
1540600213016	17
1540600213017	16
1540600213031	14
1540600213033	16
1540600213033	18
1540600213045	16
1540600213049	13
1540600213051	13
1540600213062	13
1540600213061	16
1540600213064	15
1540600213075	15
1540600213077	16
1540600213079	27
1540600213090	17
1540600213093	22
1540600213107	16
1540600213107	17
1540600213115	12
1540600213124	13
1540600213123	18
1540600213127	14
1540600213137	12
1540600213141	14
1540600213141	16
1540600213149	16
1540600213155	14
1540600213157	15
1540600213165	16
1540600213172	12
1540600213169	15
1540600213181	16
1540600213184	14
1540600213184	15
1540600213197	12
1540600213199	16
1540600213209	13
1540600213198	27
1540600213215	11
1540600213222	15
1540600213227	11
1540600213226	16
1540600213237	15
1540600213238	16
1540600213242	15
1540600213252	16
1540600213254	16
1540600213257	13
1540600213268	12
1540600213270	13
1540600213270	15
1540600213280	12
1540600213285	12
1540600213283	16
1540600213293	15
1540600213297	12
1540600213308	16
1540600213309	16
1540600213299	26
1540600213324	16
1540600213325	17
1540600213325	26
1540600213341	13
1540600213351	12
1540600213342	25
1540600213354	14
1540600213364	14
1540600213367	14
1540600213368	15
1540600213378	15
1540600213381	13
1540600213383	16
1540600213394	16
1540600213394	18
1540600213400	15
1540600213410	16
1540600213412	16
1540600213415	16
1540600213428	15
1540600213426	18
1540600213431	14
1540600213444	12
1540600213444	13
1540600213445	15
1540600213457	15
1540600213456	21
1540600213460	18
1540600213472	19
1540600213477	15
1540600213478	18
1540600213492	34
1540600213498	35
1540600213526	12
1540600213491	48
1540600213534	16
1540600213538	14
1540600213539	22
1540600213550	17
1540600213552	17
1540600213562	15
1540600213570	17
1540600213568	21
1540600213578	15
1540600213587	17
1540600213590	17
1540600213593	18
1540600213604	13
1540600213607	13
1540600213618	12
1540600213611	17
1540600213620	13
1540600213630	16
1540600213630	18
1540600213633	16
1540600213646	14
1540600213649	13
1540600213649	14
1540600213660	16
1540600213662	20
1540600213663	21
1540600213676	11
1540600213684	12
1540600213687	15
1540600213682	20
1540600213696	18
1540600213702	17
1540600213714	17
1540600213702	32
1540600213719	16
1540600213735	13
1540600213731	18
1540600213734	20
1540600213748	16
1540600213754	18
1540600213749	28
1540600213764	17
1540600213772	14
1540600213777	13
1540600213781	18
1540600213786	14
1540600213790	14
1540600213799	19
1540600213800	20
1540600213804	17
1540600213818	14
1540600213820	19
1540600213821	19
1540600213832	15
1540600213839	19
1540600213840	19
1540600213847	19
1540600213859	14
1540600213858	15
1540600213873	13
1540600213873	14
1540600213866	21
1540600213887	20
1540600213886	22
1540600213887	22
1540600213909	14
1540600213907	18
1540600213908	27
1540600213923	15
1540600213925	15
1540600213935	16
1540600213940	14
1540600213938	17
1540600213951	12
1540600213954	14
1540600213955	17
1540600213963	12
1540600213968	17
1540600213975	16
1540600213972	19
1540600213985	18
1540600213991	16
1540600213991	16
1540600214007	13
1540600214003	23
1540600214007	19
1540600214020	18
1540600214026	20
1540600214026	20
1540600214038	15
1540600214046	14
1540600214046	15
1540600214054	21
1540600214060	19
1540600214061	19
1540600214075	16
1540600214080	23
1540600214079	37
1540600214091	42
1540600214116	20
1540600214103	34
1540600214133	21
1540600214137	17
1540600214138	16
1540600214154	15
1540600214154	16
1540600214154	19
1540600214170	22
1540600214174	20
1540600214169	31
1540600214192	18
1540600214195	17
1540600214200	16
1540600214212	14
1540600214210	17
1540600214216	17
1540600214226	17
1540600214228	15
1540600214233	14
1540600214244	13
1540600214247	12
1540600214244	16
1540600214259	15
1540600214257	20
1540600214260	17
1540600214277	13
1540600214276	16
1540600214277	18
1540600214291	13
1540600214292	18
1540600214297	17
1540600214311	11
1540600214305	18
1540600214314	15
1540600214323	17
1540600214329	15
1540600214322	25
1540600214343	17
1540600214344	18
1540600214360	15
1540600214347	28
1540600214363	18
1540600214375	15
1540600214375	17
1540600214381	18
1540600214390	19
1540600214392	18
1540600214400	15
1540600214410	14
1540600214409	17
1540600214415	15
1540600214424	14
1540600214426	18
1540600214430	19
1540600214438	19
1540600214444	14
1540600214449	18
1540600214457	18
1540600214458	25
1540600214467	17
1540600214475	16
1540600214483	17
1540600214484	17
1540600214491	14
1540600214501	14
1540600214501	16
1540600214505	14
1540600214515	17
1540600214517	17
1540600214519	17
1540600214532	21
1540600214534	20
1540600214536	21
1540600214554	14
1540600214554	20
1540600214557	19
1540600214574	17
1540600214577	14
1540600214568	26
1540600214592	15
1540600214592	16
1540600214594	19
1540600214607	17
1540600214608	17
1540600214613	17
1540600214624	17
1540600214626	18
1540600214630	15
1540600214641	17
1540600214645	14
1540600214644	19
1540600214658	13
1540600214659	17
1540600214663	15
1540600214671	14
1540600214676	16
1540600214678	14
1540600214685	17
1540600214692	18
1540600214692	26
1540600214702	17
1540600214710	16
1540600214718	14
1540600214719	17
1540600214733	14
1540600214736	13
1540600214726	27
1540600214749	14
1540600214747	17
1540600214753	15
1540600214764	17
1540600214768	13
1540600214764	18
1540600214782	16
1540600214781	16
1540600214781	16
1540600214798	14
1540600214798	17
1540600214798	18
1540600214812	13
1540600214815	20
1540600214825	21
1540600214835	14
1540600214816	33
1540600214846	17
1540600214849	19
1540600214849	24
1540600214864	20
1540600214868	17
1540600214873	14
1540600214884	15
1540600214885	17
1540600214899	15
1540600214902	13
1540600214887	30
1540600214915	15
1540600214917	17
1540600214914	18
1540600214934	24
1540600214933	26
1540600214934	25
1540600214959	14
1540600214958	17
1540600214959	16
1540600214973	14
1540600214975	15
1540600214976	17
1540600214990	16
1540600214987	26
1540600214994	19
1540600215013	14
1540600215006	31
1540600215013	26
1540600215028	17
1540600215039	17
1540600215037	19
1540600215046	17
1540600215056	13
1540600215056	17
1540600215064	17
1540600215069	15
1540600215073	14
1540600215084	17
1540600215087	14
1540600215081	17
1540600215103	14
1540600215102	17
1540600215101	18
1540600215117	18
1540600215119	18
1540600215119	18
1540600215138	13
1540600215135	18
1540600215137	19
1540600215151	14
1540600215156	13
1540600215153	17
1540600215169	13
1540600215165	18
1540600215170	14
1540600215184	13
1540600215183	17
1540600215182	18
1540600215198	18
1540600215201	17
1540600215201	18
1540600215219	13
1540600215216	19
1540600215218	17
1540600215232	14
1540600215236	18
1540600215235	23
1540600215254	14
1540600215258	13
1540600215246	27
1540600215271	14
1540600215268	17
1540600215273	15
1540600215285	16
1540600215285	19
1540600215288	24
1540600215301	17
1540600215304	16
1540600215312	12
1540600215320	13
1540600215318	16
1540600215324	11
1540600215333	13
1540600215334	13
1540600215335	15
1540600215347	14
1540600215346	17
1540600215350	15
1540600215361	17
1540600215363	17
1540600215365	17
1540600215380	15
1540600215378	20
1540600215382	24
1540600215396	12
1540600215398	18
1540600215406	15
1540600215409	12
1540600215416	15
1540600215421	15
1540600215421	18
1540600215431	16
1540600215436	15
1540600215439	15
1540600215447	18
1540600215452	17
1540600215455	17
1540600215469	12
1540600215465	19
1540600215472	14
1540600215482	14
1540600215486	14
1540600215484	18
1540600215496	16
1540600215500	23
1540600215512	17
1540600215502	28
1540600215523	17
1540600215530	13
1540600215530	19
1540600215540	18
1540600215549	19
1540600215558	16
1540600215550	25
1540600215576	13
1540600215574	15
1540600215574	23
1540600215589	16
1540600215589	19
1540600215598	18
1540600215606	15
1540600215608	18
1540600215616	17
1540600215626	17
1540600215622	35
1540600215643	17
1540600215633	38
1540600215660	16
1540600215658	29
1540600215677	17
1540600215672	22
1540600215687	15
1540600215694	18
1540600215694	20
1540600215702	18
1540600215714	19
1540600215720	17
1540600215712	31
1540600215733	19
1540600215743	15
1540600215737	29
1540600215752	15
1540600215758	14
1540600215766	15
1540600215767	18
1540600215772	14
1540600215781	17
1540600215785	17
1540600215787	18
1540600215798	17
1540600215802	16
1540600215805	16
1540600215821	14
1540600215815	21
1540600215818	29
1540600215835	14
1540600215847	14
1540600215836	32
1540600215849	26
1540600215861	16
1540600215868	16
1540600215875	18
1540600215877	19
1540600215884	16
1540600215893	17
1540600215896	18
1540600215910	20
1540600215900	30
1540600215914	18
1540600215930	19
1540600215932	23
1540600215930	72
1540600215955	56
1540600216011	28
1540600215949	90
1540600216003	51
1540600216039	40
1540600216039	42
1540600216054	41
1540600216080	20
1540600216084	21
1540600216095	16
1540600216105	14
1540600216111	20
1540600216119	14
1540600216100	34
1540600216134	19
1540600216131	26
1540600216135	22
1540600216153	23
1540600216157	21
1540600216157	22
1540600216176	25
1540600216179	29
1540600216179	34
1540600216201	16
1540600216208	13
1540600216213	11
1540600216217	15
1540600216224	16
1540600216221	24
1540600216232	16
1540600216240	15
1540600216245	17
1540600216248	18
1540600216255	18
1540600216262	18
1540600216266	17
1540600216273	12
1540600216283	14
1540600216280	18
1540600216285	14
1540600216297	17
1540600216298	17
1540600216299	17
1540600216315	16
1540600216314	19
1540600216316	25
1540600216332	18
1540600216333	20
1540600216341	16
1540600216357	12
1540600216350	20
1540600216353	28
1540600216369	15
1540600216381	12
1540600216370	29
1540600216384	16
1540600216394	12
1540600216400	13
1540600216401	19
1540600216407	18
1540600216413	13
1540600216425	16
1540600216426	17
1540600216420	32
1540600216441	19
1540600216452	16
1540600216443	30
1540600216460	16
1540600216468	13
1540600216478	13
1540600216481	17
1540600216474	27
1540600216491	16
1540600216501	13
1540600216499	17
1540600216507	16
1540600216514	12
1540600216523	16
1540600216526	14
1540600216516	27
1540600216539	14
1540600216543	13
1540600216540	17
1540600216553	13
1540600216556	13
1540600216557	17
1540600216566	17
1540600216569	15
1540600216574	13
1540600216583	16
1540600216584	15
1540600216587	13
1540600216599	15
1540600216599	16
1540600216600	16
1540600216614	13
1540600216615	12
1540600216627	12
1540600216616	28
1540600216627	26
1540600216639	16
1540600216645	16
1540600216653	19
1540600216661	14
1540600216655	27
1540600216672	17
1540600216675	23
1540600216682	20
1540600216689	18
1540600216699	17
1540600216702	14
1540600216707	15
1540600216717	14
1540600216716	16
1540600216722	15
1540600216733	16
1540600216733	18
1540600216738	18
1540600216749	16
1540600216751	15
1540600216756	18
1540600216766	14
1540600216766	16
1540600216774	18
1540600216782	11
1540600216780	17
1540600216793	12
1540600216793	14
1540600216797	18
1540600216806	15
1540600216808	14
1540600216815	17
1540600216821	15
1540600216822	19
1540600216832	14
1540600216837	15
1540600216846	13
1540600216841	18
1540600216852	13
1540600216859	19
1540600216859	19
1540600216865	13
1540600216878	15
1540600216878	16
1540600216879	17
1540600216893	15
1540600216894	45
1540600216940	12
1540600216952	11
1540600216896	83
1540600216908	112
1540600216963	96
1540600216979	120
1540600217099	15
1540600217114	15
1540600217020	120
1540600217059	121
1540600217129	90
1540600217140	124
1540600217264	16
1540600217180	122
1540600217280	22
1540600217302	17
1540600217319	17
1540600217219	120
1540600217302	117
1540600217340	89
1540600217336	94
1540600217429	14
1540600217443	15
1540600217419	81
1540600217431	109
1540600217458	122
1540600217500	139
1540600217639	12
1540600217651	12
1540600217540	140
1540600217680	14
1540600217694	14
1540600217580	139
1540600217663	98
1540600217709	110
1540600217719	140
1540600217761	99
1540600217859	13
1540600217872	13
1540600217819	100
1540600217860	100
1540600217960	13
1540600217973	13
1540600217885	114
1540600217919	120
1540600218039	11
1540600218050	12
1540600217987	93
1540600217999	120
1540600218062	97
1540600218080	120
1540600218119	120
1540600218239	13
1540600218252	13
1540600218159	120
1540600218200	120
1540600218320	13
1540600218333	13
1540600218265	94
1540600218279	120
1540600218399	11
1540600218411	11
1540600218346	94
1540600218359	120
1540600218422	97
1540600218440	120
1540600218479	160
1540600218639	12
1540600218651	12
1540600218519	160
1540600218561	119
1540600218680	13
1540600218693	14
1540600218663	86
1540600218679	110
1540600218789	12
1540600218801	11
1540600218707	123
1540600218749	130
1540600218812	107
1540600218830	130
1540600218879	120
1540600218999	12
1540600219011	12
1540600218919	120
1540600218960	120
1540600219080	14
1540600219094	15
1540600219023	96
1540600219039	120
1540600219159	11
1540600219170	12
1540600219109	90
1540600219119	120
1540600219182	97
1540600219200	120
1540600219239	120
1540600219359	11
1540600219370	12
1540600219279	120
1540600219320	120
1540600219440	17
1540600219457	13
1540600219382	128
1540600219399	160
1540600219559	12
1540600219571	12
1540600219470	160
1540600219510	190
1540600219583	176
1540600219630	190
1540600219759	100
1540600219700	160
1540600219860	14
1540600219874	15
1540600219820	100
1540600219920	13
1540600219933	13
1540600219859	100
1540600219959	11
1540600219970	12
1540600219889	111
1540600219946	94
1540600219982	98
1540600220000	120
1540600220040	120
1540600220080	119
1540600220120	120
1540600220240	13
1540600220253	13
1540600220160	120
1540600220280	13
1540600220293	13
1540600220199	120
1540600220319	11
1540600220330	25
1540600220266	94
1540600220306	114
1540600220360	99
1540600220355	105
1540600220420	100
1540600220460	109
1540600220459	181
1540600220640	14
1540600220654	15
1540600220520	180
1540600220700	13
1540600220713	13
1540600220569	171
1540600220740	20
1540600220760	14
1540600220669	111
1540600220726	94
1540600220774	85
1540600220780	120
1540600220820	120
1540600220859	121
1540600220900	121
1540600221021	16
1540600220940	120
1540600221037	23
1540600221060	13
1540600221073	14
1540600220980	121
1540600221101	15
1540600221116	22
1540600221060	100
1540600221087	113
1540600221138	101
1540600221160	121
1540600221200	120
1540600221240	119
1540600221281	118
1540600221399	12
1540600221411	26
1540600221320	120
1540600221440	13
1540600221453	14
1540600221359	121
1540600221480	12
1540600221492	14
1540600221437	123
1540600221467	163
1540600221506	185
1540600221560	170
1540600221630	139
1540600221691	118
1540600221730	120
1540600221850	13
1540600221863	14
1540600221770	120
1540600221890	13
1540600221903	12
1540600221810	119
1540600221929	13
1540600221943	12
1540600221877	93
1540600221915	96
1540600221955	94
1540600221970	120
1540600222011	119
1540600222049	121
1540600222090	120
1540600222210	20
1540600222230	16
1540600222130	120
1540600222251	14
1540600222265	13
1540600222170	119
1540600222246	84
1540600222289	61
1540600222350	12
1540600222278	142
1540600222362	98
1540600222330	130
1540600222420	100
1540600222460	110
1540600222460	111
1540600222571	13
1540600222584	14
1540600222520	170
1540600222690	14
1540600222704	13
1540600222570	160
1540600222598	132
1540600222730	14
1540600222744	12
1540600222717	83
1540600222730	111
1540600222756	124
1540600222800	120
1540600222841	119
1540600222960	12
1540600222972	25
1540600222880	119
1540600222920	120
1540600223040	13
1540600223053	13
1540600222997	103
1540600223000	140
1540600223140	13
1540600223153	21
1540600223066	114
1540600223100	120
1540600223174	86
1540600223180	120
1540600223220	120
1540600223340	13
1540600223353	15
1540600223260	119
1540600223300	120
1540600223420	13
1540600223433	14
1540600223368	92
1540600223379	121
1540600223500	12
1540600223512	13
1540600223447	93
1540600223460	120
1540600223525	115
1540600223540	140
1540600223580	140
1540600223720	13
1540600223733	13
1540600223640	120
1540600223680	121
1540600223801	16
1540600223817	15
1540600223746	94
1540600223760	120
1540600223880	24
1540600223904	13
1540600223832	88
1540600223840	120
1540600223920	100
1540600223917	143
1540600223960	100
1540600224060	14
1540600224074	16
1540600224020	100
1540600224120	13
1540600224133	14
1540600224060	100
1540600224091	109
1540600224147	93
1540600224160	120
1540600224280	12
1540600224292	13
1540600224200	120
1540600224240	120
1540600224305	95
1540600224320	120
1540600224440	13
1540600224453	13
1540600224360	120
1540600224480	13
1540600224493	14
1540600224400	119
1540600224467	93
1540600224507	93
1540600224520	120
1540600224640	13
1540600224653	12
1540600224560	140
1540600224601	139
1540600224665	115
1540600224700	120
1540600224820	13
1540600224833	21
1540600224740	120
1540600224860	13
1540600224873	13
1540600224780	120
1540600224854	85
1540600224886	93
1540600224900	120
1540600225020	13
1540600225033	12
1540600224939	130
1540600224979	130
1540600225046	104
1540600225069	120
1540600225189	13
1540600225202	12
1540600225109	120
1540600225229	11
1540600225240	12
1540600225150	119
1540600225214	105
1540600225252	147
1540600225270	199
1540600225469	12
1540600225481	12
1540600225319	182
1540600225399	140
1540600225493	116
1540600225501	160
1540600225661	12
1540600225673	11
1540600225539	160
1540600225699	11
1540600225710	11
1540600225609	130
1540600225684	95
1540600225739	110
1540600225849	13
1540600225862	13
1540600225779	100
1540600225721	158
1540600225875	134
1540600225879	222
1540600225879	223
1540600226102	14
1540600226116	24
1540600226009	160
1540600226101	148
1540600226249	12
1540600226261	11
1540600226140	182
1540600226169	220
1540600226389	12
1540600226401	12
1540600226272	187
1540600226322	208
1540600226413	197
1540600226459	230
1540600226530	229
1540600226759	13
1540600226772	13
1540600226611	210
1540600226689	212
1540600226901	26
1540600226927	23
1540600226785	176
1540600226821	208
1540600227041	15
1540600227056	13
1540600226950	150
1540600226961	208
1540600227069	170
1540600227101	208
1540600227169	210
1540600227379	14
1540600227393	13
1540600227239	210
1540600227309	210
1540600227519	13
1540600227532	12
1540600227406	194
1540600227449	200
1540600227650	12
1540600227662	12
1540600227544	146
1540600227601	128
1540600227674	96
1540600227690	120
1540600227729	120
1540600227849	14
1540600227863	13
1540600227770	119
1540600227810	120
1540600227930	13
1540600227943	24
1540600227876	93
1540600227889	121
1540600228010	12
1540600228022	12
1540600227967	102
1540600227969	140
1540600228034	115
1540600228069	121
1540600228109	120
1540600228229	13
1540600228242	13
1540600228149	120
1540600228190	120
1540600228310	13
1540600228324	13
1540600228255	94
1540600228269	120
1540600228389	15
1540600228404	13
1540600228338	92
1540600228349	120
1540600228430	100
1540600228469	110
1540600228417	163
1540600228579	13
1540600228592	13
1540600228530	140
1540600228670	12
1540600228682	21
1540600228580	130
1540600228605	144
1540600228703	86
1540600228710	120
1540600228830	15
1540600228749	120
1540600228845	29
1540600228789	120
1540600228869	100
1540600228969	14
1540600228909	90
1540600228874	128
1540600228999	15
1540600228986	28
1540600229014	14
1540600229006	64
1540600229014	95
1540600229028	121
1540600229070	128
1540600229198	60
1540600229109	149
1540600229149	111
1540600229268	13
1540600229268	61
1540600229329	16
1540600229347	17
1540600229268	102
1540600229370	33
1540600229291	121
1540600229406	13
1540600229364	107
1540600229412	98
1540600229472	137
1540600229420	190
1540600229510	119
1540600229629	18
1540600229647	13
1540600229610	109
1540600229609	150
1540600229660	100
1540600229759	12
1540600229772	14
1540600229719	100
1540600229819	14
1540600229833	13
1540600229760	99
1540600229786	114
1540600229846	93
1540600229859	130
1540600229989	13
1540600230002	23
1540600229900	129
1540600229939	130
1540600230025	84
1540600230029	122
1540600230151	19
1540600230170	18
1540600230069	120
1540600230189	12
1540600230201	14
1540600230109	120
1540600230188	101
1540600230229	100
1540600230215	115
1540600230329	14
1540600230343	16
1540600230290	99
1540600230330	103
1540600230359	111
1540600230389	120
1540600230509	13
1540600230522	13
1540600230433	128
1540600230561	13
1540600230574	12
1540600230470	140
1540600230535	114
1540600230586	103
1540600230610	119
1540600230729	14
1540600230743	14
1540600230650	119
1540600230689	120
1540600230757	92
1540600230769	120
1540600230889	21
1540600230910	14
1540600230809	120
1540600230929	24
1540600230849	120
1540600230953	21
1540600230924	92
1540600230969	100
1540600231069	13
1540600231082	12
1540600230974	138
1540600231016	133
1540600231094	97
1540600231112	118
1540600231149	120
1540600231269	13
1540600231282	14
1540600231191	118
1540600231230	122
1540600231296	93
1540600231352	45
1540600231397	16
1540600231309	120
1540600231429	14
1540600231443	13
1540600231389	100
1540600231413	117
1540600231456	124
1540600231490	129
1540600231619	12
1540600231631	13
1540600231530	130
1540600231580	120
1540600231644	95
1540600231660	120
1540600231780	13
1540600231793	14
1540600231700	119
1540600231819	12
1540600231831	15
1540600231739	120
1540600231807	93
1540600231846	93
1540600231859	120
1540600231979	19
1540600231998	13
1540600231900	120
1540600231939	124
1540600232011	88
1540600232020	121
1540600232141	14
1540600232155	14
1540600232063	116
1540600232099	120
1540600232179	61
1540600232240	12
1540600232169	145
1540600232219	130
1540600232252	97
1540600232349	13
1540600232362	13
1540600232314	97
1540600232349	100
1540600232375	118
1540600232411	119
1540600232530	31
1540600232561	15
1540600232449	130
1540600232579	12
1540600232591	13
1540600232493	126
1540600232576	104
1540600232604	115
1540600232620	99
1540600232719	14
1540600232733	13
1540600232680	100
1540600232719	100
1540600232746	113
1540600232780	120
1540600232900	14
1540600232819	121
1540600232914	29
1540600232940	24
1540600232964	14
1540600232859	120
1540600232943	107
1540600232979	110
1540600232978	112
1540600233089	13
1540600233102	15
1540600233050	99
1540600233090	101
1540600233117	113
1540600233149	120
1540600233269	20
1540600233289	14
1540600233191	119
1540600233310	28
1540600233230	121
1540600233338	28
1540600233303	90
1540600233351	100
1540600233451	22
1540600233394	85
1540600233366	115
1540600233473	14
1540600233481	70
1540600233487	134
1540600233479	192
1540600233671	24
1540600233551	159
1540600233695	27
1540600233710	25
1540600233621	120
1540600233735	13
1540600233722	88
1540600233741	109
1540600233850	12
1540600233862	13
1540600233748	145
1540600233810	119
1540600233875	95
1540600233893	117
1540600233929	120
1540600234049	15
1540600233970	122
1540600234064	30
1540600234010	120
1540600234130	15
1540600234145	23
1540600234092	98
1540600234190	20
1540600234210	12
1540600234095	134
1540600234168	101
1540600234222	87
1540600234229	121
1540600234269	121
1540600234309	124
1540600234350	145
1540600234390	122
1540600234512	17
1540600234495	35
1540600234433	107
1540600234529	12
1540600234532	15
1540600234540	13
1540600234553	12
1540600234541	131
1540600234565	147
1540600234547	165
1540600234672	100
1540600234712	100
1540600234712	100
1540600234773	96
1540600234871	16
1540600234813	86
1540600234813	87
1540600234888	13
1540600234899	19
1540600234900	18
1540600234918	14
1540600234918	14
1540600234901	68
1540600234932	101
1540600234969	92
1540600234932	130
1540600235033	96
1540600235061	108
1540600235062	108
1540600235169	11
1540600235180	16
1540600235129	250
1540600235379	17
1540600235196	213
1540600235396	14
1540600235170	243
1540600235413	54
1540600235409	61
1540600235467	15
1540600235410	129
1540600235470	110
1540600235580	13
1540600235593	16
1540600235482	160
1540600235539	160
1540600235609	131
1540600235642	140
1540600235699	120
1540600235819	14
1540600235833	24
1540600235740	121
1540600235782	122
1540600235904	13
1540600235917	13
1540600235857	102
1540600235861	139
1540600236000	13
1540600236013	17
1540600235931	109
1540600235959	121
1540600236030	121
1540600236080	119
1540600236040	161
1540600236199	12
1540600236211	11
1540600236151	90
1540600236201	100
1540600236301	13
1540600236314	15
1540600236222	107
1540600236241	89
1540600236330	20
1540600236350	29
1540600236329	70
1540600236329	112
1540600236379	101
1540600236399	121
1540600236441	125
1540600236480	121
1540600236566	83
1540600236520	134
1540600236649	28
1540600236654	43
1540600236606	106
1540600236697	26
1540600236677	93
1540600236712	71
1540600236783	51
1540600236770	71
1540600236723	157
1540600236834	96
1540600236841	119
1540600236960	18
1540600236881	118
1540600236978	28
1540600236930	100
1540600236999	96
1540600237095	96
1540600237191	19
1540600237030	180
1540600237006	215
1540600237210	48
1540600237258	29
1540600237210	80
1540600237221	136
1540600237287	105
1540600237290	141
1540600237357	113
1540600237392	120
1540600237470	49
1540600237519	47
1540600237431	169
1540600237601	59
1540600237512	166
1540600237660	33
1540600237566	134
1540600237678	23
1540600237701	32
1540600237700	70
1540600237694	131
1540600237733	119
1540600237770	150
1540600237920	19
1540600237825	129
1540600237852	120
1540600237939	33
1540600237972	77
1540600237972	100
1540600238072	40
1540600237954	161
1540600238112	14
1540600238115	14
1540600238049	95
1540600238129	28
1540600238126	100
1540600238145	114
1540600238259	51
1540600238157	153
1540600238226	105
1540600238310	25
1540600238310	93
1540600238331	118
1540600238449	23
1540600238472	13
1540600238335	155
1540600238403	126
1540600238529	12
1540600238541	24
1540600238490	113
1540600238485	169
1540600238565	125
1540600238603	130
1540600238733	15
1540600238748	14
1540600238654	115
1540600238690	119
1540600238762	94
1540600238769	120
1540600238889	27
1540600238809	120
1540600238916	14
1540600238929	16
1540600238945	16
1540600238856	114
1540600238930	100
1540600238962	107
1540600238970	100
1540600239070	21
1540600239091	19
1540600239030	100
1540600239069	124
1540600239130	99
1540600239110	120
1540600239229	21
1540600239252	16
1540600239193	99
1540600239292	25
1540600239317	16
1540600239230	103
1540600239268	102
1540600239333	96
1540600239333	138
1540600239471	26
1540600239378	131
1540600239497	13
1540600239429	123
1540600239509	120
1540600239629	16
1540600239552	109
1540600239510	152
1540600239645	17
1540600239661	18
1540600239679	15
1540600239662	72
1540600239662	107
1540600239694	116
1540600239734	120
1540600239855	14
1540600239869	16
1540600239769	122
1540600239810	119
1540600239885	89
1540600239891	118
1540600240009	18
1540600240027	16
1540600239929	131
1540600240060	12
1540600240072	12
1540600239974	127
1540600240043	98
1540600240084	99
1540600240101	119
1540600240220	17
1540600240237	21
1540600240141	119
1540600240183	107
1540600240260	106
1540600240258	137
1540600240290	105
1540600240366	29
1540600240395	16
1540600240395	16
1540600240411	21
1540600240395	64
1540600240411	89
1540600240432	109
1540600240459	122
1540600240581	37
1540600240618	24
1540600240500	142
1540600240541	141
1540600240642	99
1540600240682	97
1540600240642	138
1540600240779	13
1540600240780	15
1540600240792	15
1540600240795	26
1540600240741	90
1540600240807	93
1540600240821	118
1540600240831	148
1540600240979	26
1540600240900	119
1540600241006	13
1540600240939	121
1540600241019	101
1540600241019	131
1540600241060	90
1540600241150	13
1540600241163	13
1540600241150	26
1540600241176	14
1540600241120	99
1540600241176	113
1540600241219	110
1540600241190	140
1540600241329	13
1540600241342	34
1540600241289	90
1540600241330	119
1540600241379	111
1540600241377	113
1540600241490	12
1540600241502	11
1540600241449	100
1540600241549	40
1540600241490	110
1540600241589	13
1540600241513	138
1540600241600	110
1540600241710	12
1540600241722	12
1540600241602	148
1540600241651	138
1540600241734	96
1540600241750	120
1540600241789	121
1540600241910	32
1540600241830	120
1540600241942	12
1540600241870	120
1540600241990	14
1540600242004	14
1540600241950	103
1540600242053	12
1540600242065	13
1540600241954	139
1540600242018	133
1540600242078	163
1540600242093	247
1540600242151	259
1540600242241	262
1540600242340	232
1540600242572	18
1540600242591	18
1540600242410	281
1540600242691	14
1540600242705	14
1540600242503	257
1540600242760	25
1540600242785	14
1540600242609	260
1540600242719	221
1540600242799	211
1540600242869	200
1540600242940	170
1540600243010	140
1540600243069	121
1540600243190	14
1540600243204	14
1540600243110	121
1540600243231	15
1540600243246	15
1540600243150	120
1540600243270	15
1540600243285	14
1540600243219	90
1540600243262	88
1540600243299	92
1540600243309	120
1540600243350	150
1540600243429	120
1540600243391	159
1540600243549	13
1540600243562	13
1540600243501	119
1540600243620	13
1540600243633	14
1540600243550	122
1540600243672	14
1540600243686	13
1540600243575	134
1540600243647	103
1540600243699	92
1540600243709	121
1540600243750	120
1540600243791	119
1540600243830	121
1540600243951	17
1540600243870	122
1540600243968	28
1540600243910	110
1540600244020	14
1540600243992	49
1540600244034	16
1540600244041	14
1540600243996	93
1540600244050	100
1540600244055	136
1540600244089	141
1540600244150	120
1540600244192	117
1540600244230	120
1540600244350	13
1540600244363	13
1540600244270	120
1540600244391	13
1540600244404	15
1540600244309	120
1540600244430	14
1540600244444	14
1540600244376	94
1540600244419	91
1540600244470	100
1540600244458	181
1540600244510	130
1540600244570	121
1540600244691	14
1540600244705	13
1540600244639	110
1540600244640	150
1540600244790	16
1540600244806	14
1540600244718	117
1540600244749	122
1540600244871	24
1540600244895	13
1540600244820	90
1540600244835	119
1540600244910	101
1540600244908	141
1540600244954	136
1540600245090	12
1540600245102	12
1540600245011	119
1540600245130	14
1540600245144	14
1540600245049	120
1540600245114	97
1540600245159	90
1540600245169	120
1540600245290	25
1540600245316	14
1540600245211	119
1540600245249	122
1540600245330	101
1540600245433	19
1540600245371	89
1540600245330	130
1540600245460	11
1540600245452	23
1540600245471	12
1540600245460	69
1540600245475	95
1540600245483	157
1540600245529	166
1540600245696	13
1540600245709	15
1540600245570	164
1540600245643	127
1540600245727	103
1540600245770	100
1540600245734	136
1540600245871	20
1540600245870	21
1540600245892	12
1540600245891	13
1540600245830	93
1540600245904	85
1540600245923	107
1540600245904	127
1540600246031	14
1540600246045	15
1540600245989	100
1540600246031	99
1540600246060	116
1540600246090	120
1540600246210	13
1540600246224	12
1540600246130	121
1540600246251	11
1540600246262	12
1540600246177	114
1540600246236	94
1540600246275	94
1540600246291	118
1540600246409	17
1540600246426	14
1540600246330	121
1540600246369	120
1540600246440	90
1540600246451	129
1540600246580	13
1540600246593	24
1540600246489	160
1540600246649	14
1540600246663	13
1540600246530	179
1540600246617	133
1540600246676	113
1540600246709	121
1540600246830	13
1540600246844	13
1540600246750	120
1540600246789	120
1540600246857	112
1540600246909	100
1540600246870	142
1540600247009	16
1540600247012	15
1540600247025	13
1540600247027	24
1540600246969	90
1540600247038	94
1540600247051	118
1540600247059	110
1540600247169	13
1540600247182	13
1540600247132	98
1540600247169	100
1540600247195	114
1540600247230	119
1540600247349	26
1540600247269	120
1540600247375	23
1540600247389	12
1540600247401	12
1540600247309	110
1540600247398	92
1540600247413	116
1540600247419	111
1540600247530	14
1540600247544	12
1540600247490	110
1540600247529	121
1540600247556	134
1540600247600	132
1540600247732	13
1540600247745	12
1540600247650	122
1540600247772	13
1540600247785	11
1540600247690	120
1540600247757	93
1540600247796	94
1540600247810	120
1540600247930	12
1540600247942	13
1540600247850	119
1540600247890	119
1540600247955	98
1540600247969	122
1540600248091	13
1540600248104	13
1540600248009	120
1540600248129	11
1540600248140	12
1540600248053	117
1540600248117	94
1540600248153	96
1540600248170	121
1540600248291	13
1540600248304	12
1540600248211	118
1540600248249	120
1540600248316	94
1540600248329	121
1540600248450	13
1540600248463	12
1540600248369	120
1540600248489	11
1540600248500	12
1540600248410	120
1540600248512	167
1540600248475	205
1540600248531	168
1540600248699	13
1540600248713	13
1540600248679	90
1540600248680	129
1540600248726	124
1540600248769	120
1540600248889	11
1540600248900	12
1540600248809	120
1540600248929	13
1540600248942	14
1540600248850	121
1540600248912	100
1540600248956	94
1540600248971	118
1540600249089	26
1540600249115	14
1540600249012	117
1540600249050	120
1540600249129	100
1540600249129	140
1540600249170	100
1540600249270	13
1540600249269	23
1540600249283	12
1540600249292	14
1540600249229	100
1540600249295	96
1540600249329	100
1540600249306	124
1540600249429	13
1540600249442	11
1540600249391	108
1540600249430	100
1540600249453	126
1540600249499	155
1540600249654	14
1540600249668	13
1540600249530	180
1540600249710	23
1540600249733	12
1540600249579	170
1540600249681	111
1540600249749	104
1540600249853	11
1540600249864	12
1540600249792	89
1540600249745	136
1540600249876	75
1540600249881	108
1540600249881	109
1540600249990	13
1540600250003	17
1540600249952	98
1540600249989	100
1540600250089	14
1540600250103	13
1540600250020	110
1540600250050	119
1540600250169	13
1540600250182	12
1540600250116	93
1540600250130	121
1540600250194	96
1540600250209	120
1540600250251	119
1540600250370	14
1540600250384	19
1540600250290	120
1540600250329	121
1540600250450	31
1540600250403	87
1540600250481	13
1540600250410	119
1540600250529	12
1540600250541	12
1540600250494	105
1540600250490	159
1540600250553	136
1540600250599	132
1540600250649	150
1540600250799	14
1540600250813	13
1540600250731	108
1540600250690	150
1540600250839	13
1540600250852	13
1540600250826	83
1540600250840	110
1540600250950	14
1540600250964	13
1540600250865	126
1540600250909	122
1540600250977	93
1540600250991	119
1540600251031	118
1540600251149	15
1540600251164	32
1540600251070	128
1540600251110	109
1540600251219	16
1540600251235	13
1540600251196	93
1540600251198	132
1540600251330	14
1540600251344	14
1540600251248	121
1540600251289	120
1540600251358	92
1540600251369	120
1540600251409	120
1540600251529	13
1540600251542	12
1540600251450	131
1540600251489	160
1540600251650	15
1540600251665	16
1540600251554	159
1540600251581	169
1540600251750	24
1540600251774	21
1540600251681	116
1540600251713	117
1540600251797	123
1540600251795	165
1540600251830	130
1540600251961	13
1540600251974	13
1540600251920	102
1540600252022	22
1540600251960	100
1540600252044	21
1540600251987	113
1540600252060	101
1540600252161	18
1540600252179	17
1540600252065	134
1540600252100	142
1540600252199	100
1540600252196	144
1540600252243	98
1540600252341	16
1540600252357	15
1540600252299	102
1540600252402	26
1540600252340	99
1540600252428	15
1540600252372	98
1540600252439	101
1540600252540	12
1540600252552	24
1540600252470	110
1540600252443	137
1540600252576	84
1540600252580	121
1540600252580	122
1540600252701	21
1540600252722	13
1540600252660	100
1540600252702	98
1540600252800	35
1540600252735	105
1540600252835	14
1540600252760	120
1540600252880	14
1540600252894	13
1540600252840	129
1540600252849	161
1540600252907	103
1540600252969	103
1540600253072	12
1540600253084	11
1540600253010	90
1540600253010	90
1540600253095	74
1540600253100	112
1540600253100	112
1540600253212	21
1540600253212	21
1540600253169	90
1540600253233	29
1540600253233	36
1540600253259	70
1540600253329	14
1540600253343	13
1540600253269	90
1540600253262	98
1540600253356	75
1540600253359	110
1540600253360	110
1540600253431	98
1540600253469	110
1540600253470	110
1540600253580	15
1540600253579	16
1540600253595	13
1540600253595	14
1540600253529	120
1540600253649	11
1540600253660	12
1540600253608	101
1540600253609	141
1540600253672	117
1540600253710	119
1540600253750	120
1540600253789	120
1540600253829	121
1540600253950	12
1540600253962	25
1540600253870	121
1540600253991	13
1540600254004	14
1540600253909	120
1540600254029	12
1540600254041	11
1540600253987	103
1540600254018	113
1540600254052	117
1540600254090	119
1540600254131	119
1540600254169	121
1540600254209	120
1540600254329	13
1540600254342	12
1540600254250	121
1540600254371	16
1540600254387	14
1540600254290	120
1540600254410	13
1540600254423	13
1540600254354	116
1540600254401	110
1540600254436	117
1540600254470	120
1540600254511	119
1540600254553	117
1540600254590	120
1540600254710	14
1540600254724	14
1540600254630	121
1540600254751	14
1540600254765	15
1540600254670	120
1540600254790	16
1540600254806	13
1540600254738	92
1540600254780	110
1540600254819	111
1540600254830	139
1540600254890	122
1540600254930	119
1540600254969	125
1540600255094	11
1540600255105	15
1540600255012	117
1540600255129	13
1540600255142	22
1540600255049	120
1540600255169	24
1540600255193	18
1540600255120	109
1540600255164	106
1540600255211	99
1540600255229	120
1540600255270	121
1540600255310	121
1540600255349	120
1540600255469	12
1540600255481	12
1540600255391	120
1540600255511	26
1540600255431	118
1540600255537	14
1540600255549	13
1540600255562	12
1540600255493	96
1540600255551	99
1540600255574	116
1540600255589	102
1540600255650	100
1540600255690	99
1540600255691	98
1540600255789	14
1540600255803	13
1540600255750	100
1540600255850	14
1540600255864	15
1540600255789	100
1540600255889	12
1540600255901	13
1540600255816	115
1540600255879	91
1540600255914	96
1540600255931	118
1540600255970	122
1540600256010	122
1540600256049	120
1540600256169	15
1540600256184	23
1540600256092	118
1540600256210	14
1540600256224	13
1540600256132	117
1540600256249	13
1540600256262	12
1540600256207	83
1540600256237	93
1540600256274	95
1540600256290	120
1540600256330	122
1540600256369	120
1540600256410	120
1540600256530	26
1540600256452	117
1540600256556	13
1540600256569	12
1540600256581	12
1540600256489	120
1540600256609	11
1540600256620	12
1540600256569	101
1540600256593	116
1540600256632	117
1540600256670	120
1540600256709	121
1540600256749	120
1540600256790	120
1540600256910	12
1540600256922	11
1540600256830	119
1540600256949	13
1540600256962	12
1540600256869	122
1540600256991	24
1540600257015	13
1540600256934	96
1540600256974	95
1540600257030	102
1540600257070	89
1540600257028	132
1540600257132	98
1540600257230	16
1540600257246	13
1540600257159	100
1540600257160	100
1540600257259	13
1540600257272	13
1540600257259	72
1540600257261	109
1540600257370	15
1540600257285	126
1540600257385	33
1540600257331	119
1540600257411	100
1540600257418	121
1540600257450	90
1540600257540	18
1540600257558	14
1540600257511	98
1540600257610	12
1540600257622	12
1540600257539	110
1540600257572	118
1540600257634	96
1540600257649	120
1540600257769	13
1540600257782	12
1540600257690	120
1540600257730	119
1540600257794	97
1540600257810	121
1540600257931	12
1540600257943	11
1540600257849	110
1540600257959	13
1540600257972	13
1540600257954	75
1540600257985	86
1540600258029	120
1540600258071	119
1540600258149	101
1540600258250	12
1540600258262	12
1540600258190	89
1540600258279	12
1540600258291	17
1540600258274	75
1540600258308	102
1540600258349	101
1540600258410	99
1540600258450	99
1540600258549	12
1540600258561	11
1540600258509	100
1540600258609	12
1540600258621	13
1540600258572	97
1540600258634	96
1540600258669	100
1540600258730	100
1540600258769	100
1540600258869	12
1540600258881	12
1540600258830	89
1540600258919	23
1540600258942	13
1540600258893	97
1540600258955	84
1540600259039	60
1540600259099	90
1540600259189	16
1540600259205	13
1540600259218	31
1540600259249	60
1540600259309	61
1540600259370	12
1540600259382	19
1540600259401	29
