1542263496032	1727
1542263496031	1741
1542263496031	1765
1542263497773	79
1542263497852	57
1542263497764	159
1542263497910	67
1542263497796	181
1542263497925	71
1542263497977	76
1542263497996	62
1542263497977	81
1542263498056	50
1542263498058	78
1542263498058	78
1542263498107	62
1542263498136	78
1542263498169	68
1542263498214	61
1542263498238	71
1542263498275	70
1542263498136	251
1542263498309	81
1542263498346	63
1542263498390	56
1542263498410	70
1542263498447	79
1542263498480	54
1542263498534	113
1542263498527	141
1542263498648	49
1542263498668	128
1542263498697	113
1542263498796	52
1542263498810	63
1542263498848	66
1542263498389	528
1542263498873	60
1542263498914	77
1542263498933	82
1542263499015	79
1542263498991	104
1542263499094	65
1542263499095	82
1542263499159	62
1542263499177	49
1542263499227	68
1542263499224	106
1542263499295	55
1542263498917	440
1542263499330	71
1542263499350	51
1542263499358	70
1542263499428	103
1542263499402	135
1542263499402	153
1542263499537	78
1542263499616	78
1542263499695	92
1542263499787	59
1542263499846	76
1542263499922	93
1542263500016	47
1542263500063	108
1542263500171	69
1542263500240	75
1542263500315	47
1542263500362	46
1542263500409	74
1542263500483	54
1542263500537	74
1542263499531	1289
1542263500820	73
1542263499555	1346
1542263500893	61
1542263500901	69
1542263500954	56
1542263501010	57
1542263501067	63
1542263501130	46
1542263501177	589
1542263501766	130
1542263501896	61
1542263501957	70
1542263502027	103
1542263502130	59
1542263502189	93
1542263502282	64
1542263500611	1800
1542263502346	71
1542263500970	1449
1542263502411	54
1542263502417	56
1542263502419	63
1542263502473	50
1542263502465	62
1542263502482	50
1542263502523	52
1542263502527	50
1542263502532	54
1542263502575	62
1542263502577	71
1542263502586	81
1542263502637	65
1542263502648	70
1542263502667	54
1542263502702	44
1542263502721	51
1542263502746	47
1542263502718	92
1542263502772	48
1542263502793	69
1542263502820	43
1542263502810	82
1542263502863	56
1542263502862	73
1542263502892	76
1542263502919	53
1542263502935	59
1542263502972	54
1542263502968	65
1542263502994	45
1542263503026	61
1542263503033	56
1542263503039	70
1542263503087	52
1542263503109	57
1542263503089	93
1542263503139	86
1542263503182	45
1542263503166	67
1542263503233	71
1542263503225	81
1542263503227	81
1542263503306	81
1542263503308	82
1542263503304	106
1542263503387	41
1542263503390	58
1542263503410	55
1542263503428	80
1542263503448	73
1542263503465	75
1542263503540	60
1542263503521	88
1542263503508	101
1542263503609	60
1542263503600	74
1542263503609	67
1542263503674	42
1542263503676	61
1542263503669	70
1542263503717	40
1542263503739	40
1542263503737	56
1542263503757	56
1542263503779	42
1542263503793	57
1542263503813	73
1542263503821	70
1542263503850	56
1542263503891	54
1542263503906	58
1542263503886	89
1542263503945	51
1542263503964	55
1542263503975	60
1542263503996	60
1542263504019	44
1542263504035	44
1542263504057	45
1542263504063	58
1542263504079	83
1542263504103	79
1542263504121	88
1542263504162	76
1542263504182	65
1542263504210	54
1542263504247	51
1542263504264	52
1542263504298	47
1542263504238	118
1542263504316	57
1542263504356	51
1542263504345	69
1542263504374	44
1542263504407	86
1542263504418	91
1542263504414	117
1542263504493	49
1542263504531	55
1542263504509	83
1542263504542	52
1542263504586	67
1542263504594	62
1542263504656	37
1542263504653	62
1542263504693	50
1542263504592	174
1542263504715	74
1542263504743	51
1542263504766	36
1542263504802	35
1542263504789	52
1542263504794	72
1542263504841	55
1542263504866	52
1542263504838	81
1542263504896	56
1542263504918	42
1542263504919	91
1542263504960	50
1542263504952	64
1542263505018	72
1542263505018	72
1542263505018	99
1542263505091	54
1542263505091	58
1542263505118	46
1542263505149	53
1542263505164	49
1542263505145	70
1542263505213	45
1542263505215	51
1542263505266	47
1542263505258	78
1542263505202	148
1542263505350	62
1542263505313	114
1542263505336	92
1542263505412	56
1542263505427	54
1542263505428	83
1542263505481	47
1542263505468	67
1542263505511	51
1542263505528	55
1542263505536	55
1542263505563	47
1542263505591	52
1542263505584	73
1542263505610	52
1542263505643	64
1542263505657	52
1542263505662	49
1542263505709	42
1542263505711	57
1542263505707	79
1542263505751	49
1542263505786	55
1542263505768	75
1542263505800	48
1542263505844	42
1542263505841	50
1542263505848	52
1542263505886	61
1542263505891	73
1542263505900	64
1542263505964	48
1542263505947	73
1542263505964	64
1542263506012	45
1542263506028	42
1542263506020	94
1542263506070	59
1542263506057	95
1542263506114	55
1542263506129	55
1542263506152	44
1542263506169	52
1542263506184	51
1542263506196	61
1542263506221	63
1542263506257	39
1542263506235	73
1542263506284	58
1542263506296	49
1542263506308	43
1542263506342	52
1542263506345	52
1542263506351	55
1542263506394	52
1542263506397	50
1542263506406	58
1542263506447	54
1542263506446	60
1542263506464	47
1542263506501	45
1542263506506	44
1542263506511	42
1542263506546	62
1542263506550	73
1542263506553	78
1542263506608	48
1542263506631	59
1542263506623	71
1542263506656	52
1542263506694	49
1542263506690	61
1542263506708	75
1542263506743	44
1542263506751	53
1542263506783	38
1542263506787	41
1542263506821	47
1542263506804	87
1542263506868	48
1542263506828	103
1542263506891	55
1542263506916	61
1542263506946	61
1542263506931	98
1542263506977	51
1542263507007	45
1542263507029	43
1542263507052	51
1542263507072	44
1542263507029	107
1542263507104	53
1542263507116	77
1542263507136	58
1542263507157	44
1542263507195	51
1542263507195	64
1542263507201	74
1542263507246	50
1542263507259	57
1542263507278	50
1542263507296	47
1542263507317	66
1542263507328	74
1542263507343	62
1542263507383	47
1542263507402	43
1542263507405	62
1542263507430	56
1542263507445	46
1542263507467	47
1542263507486	50
1542263507491	59
1542263507514	60
1542263507536	49
1542263507550	52
1542263507574	52
1542263507602	48
1542263507626	56
1542263507650	41
1542263507585	109
1542263507682	46
1542263507694	45
1542263507691	60
1542263507728	53
1542263507751	64
1542263507739	77
1542263507781	52
1542263507817	48
1542263507815	51
1542263507833	49
1542263507867	48
1542263507865	62
1542263507882	51
1542263507927	40
1542263507915	52
1542263507934	38
1542263507967	45
1542263507967	45
1542263507972	56
1542263508012	92
1542263508012	103
1542263508028	87
1542263508104	55
1542263508115	51
1542263508115	56
1542263508166	51
1542263508159	60
1542263508172	56
1542263508219	49
1542263508217	58
1542263508228	47
1542263508268	42
1542263508275	47
1542263508275	51
1542263508310	66
1542263508322	74
1542263508326	70
1542263508376	47
1542263508397	50
1542263508423	48
1542263508447	68
1542263508471	58
1542263508397	133
1542263508516	43
1542263508530	77
1542263508529	78
1542263508559	50
1542263508607	60
1542263508609	120
1542263508667	62
1542263508607	146
1542263508729	67
1542263508753	55
1542263508796	50
1542263508808	51
1542263508729	138
1542263508859	52
1542263508867	55
1542263508911	37
1542263508847	101
1542263508922	77
1542263508948	58
1542263508948	61
1542263508999	53
1542263509006	47
1542263509009	50
1542263509053	54
1542263509052	56
1542263509059	55
1542263509107	42
1542263509114	50
1542263509109	79
1542263509164	67
1542263509149	92
1542263509188	78
1542263509231	54
1542263509266	46
1542263509241	72
1542263509285	44
1542263509313	54
1542263509312	64
1542263509330	66
1542263509376	51
1542263509396	59
1542263509367	101
1542263509468	40
1542263509427	81
1542263509455	54
1542263509508	89
1542263509509	100
1542263509508	117
1542263509597	53
1542263509609	48
1542263509625	51
1542263509650	48
1542263509657	68
1542263509698	55
1542263509676	92
1542263509725	48
1542263509753	36
1542263509773	41
1542263509769	59
1542263509790	65
1542263509814	44
1542263509858	67
1542263509855	71
1542263509828	119
1542263509925	45
1542263509926	49
1542263509947	42
1542263509970	47
1542263509975	53
1542263509989	51
1542263510017	43
1542263510028	41
1542263510040	39
1542263510060	44
1542263510069	47
1542263510079	41
1542263510104	85
1542263510116	76
1542263510120	72
1542263510192	59
1542263510192	59
1542263510189	63
1542263510251	51
1542263510251	64
1542263510252	82
1542263510303	67
1542263510315	56
1542263510334	44
1542263510371	36
1542263510371	40
1542263510378	52
1542263510407	63
1542263510411	79
1542263510430	82
1542263510470	42
1542263510490	56
1542263510512	50
1542263510512	61
1542263510546	52
1542263510563	38
1542263510573	50
1542263510598	45
1542263510601	50
1542263510623	51
1542263510643	45
1542263510674	36
1542263510651	82
1542263510688	49
1542263510710	71
1542263510733	61
1542263510737	58
1542263510781	51
1542263510795	51
1542263510794	58
1542263510832	41
1542263510846	40
1542263510852	44
1542263510873	61
1542263510896	52
1542263510886	64
1542263510934	48
1542263510950	59
1542263510948	61
1542263511010	60
1542263511009	80
1542263510982	108
1542263511089	52
1542263511070	71
1542263511090	57
1542263511141	46
1542263511141	48
1542263511147	52
1542263511187	47
1542263511189	47
1542263511199	52
1542263511251	38
1542263511236	54
1542263511235	56
1542263511290	58
1542263511289	59
1542263511291	67
1542263511349	68
1542263511358	59
1542263511349	80
1542263511429	39
1542263511417	53
1542263511417	53
1542263511470	44
1542263511470	45
1542263511468	59
1542263511515	39
1542263511515	63
1542263511527	52
1542263511554	50
1542263511578	47
1542263511604	49
1542263511579	87
1542263511625	50
1542263511653	50
1542263511666	76
1542263511676	70
1542263511742	49
1542263511746	55
1542263511703	104
1542263511791	53
1542263511807	45
1542263511844	50
1542263511801	105
1542263511852	61
1542263511894	53
1542263511906	67
1542263511913	79
1542263511947	60
1542263511973	39
1542263511992	43
1542263512012	57
1542263512035	54
1542263512069	48
1542263512089	40
1542263512007	124
1542263512129	40
1542263512117	54
1542263512131	49
1542263512171	52
1542263512180	50
1542263512169	63
1542263512223	60
1542263512230	61
1542263512232	68
1542263512283	56
1542263512291	66
1542263512300	60
1542263512339	48
1542263512360	41
1542263512357	68
1542263512387	53
1542263512401	49
1542263512425	45
1542263512450	45
1542263512440	55
1542263512470	51
1542263512495	48
1542263512543	48
1542263512521	79
1542263512496	113
1542263512591	41
1542263512600	55
1542263512609	63
1542263512632	61
1542263512655	51
1542263512672	50
1542263512693	48
1542263512706	50
1542263512722	53
1542263512741	54
1542263512756	55
1542263512775	50
1542263512795	41
1542263512811	57
1542263512836	50
1542263512825	72
1542263512868	59
1542263512886	49
1542263512897	51
1542263512927	42
1542263512948	59
1542263512935	73
1542263512969	60
1542263513008	60
1542263513008	64
1542263513030	55
1542263513072	51
1542263513068	64
1542263513085	60
1542263513124	60
1542263513132	52
1542263513145	49
1542263513184	50
1542263513184	50
1542263513194	52
1542263513235	39
1542263513235	52
1542263513246	42
1542263513274	49
1542263513287	50
1542263513288	49
1542263513323	53
1542263513337	50
1542263513337	54
1542263513376	55
1542263513387	63
1542263513391	69
1542263513431	45
1542263513460	49
1542263513476	43
1542263513450	78
1542263513509	42
1542263513519	49
1542263513551	49
1542263513568	52
1542263513528	98
1542263513600	49
1542263513620	51
1542263513626	70
1542263513649	47
1542263513671	41
1542263513696	55
1542263513713	51
1542263513696	70
1542263513751	43
1542263513766	40
1542263513764	72
1542263513794	45
1542263513806	60
1542263513839	48
1542263513837	57
1542263513866	67
1542263513887	64
1542263513894	59
1542263513933	48
1542263513954	49
1542263513951	56
1542263513981	39
1542263514003	67
1542263514007	88
1542263514020	87
1542263514070	65
1542263514095	47
1542263514107	52
1542263514135	48
1542263514142	55
1542263514159	53
1542263514184	48
1542263514197	48
1542263514212	46
1542263514232	45
1542263514245	44
1542263514258	38
1542263514296	38
1542263514289	53
1542263514334	61
1542263514342	54
1542263514277	125
1542263514396	55
1542263514395	58
1542263514402	65
1542263514453	51
1542263514467	48
1542263514451	65
1542263514504	48
1542263514516	55
1542263514515	62
1542263514552	42
1542263514571	48
1542263514577	51
1542263514594	51
1542263514619	52
1542263514628	51
1542263514645	52
1542263514671	51
1542263514679	45
1542263514697	52
1542263514724	49
1542263514749	38
1542263514773	41
1542263514787	39
1542263514722	123
1542263514845	40
1542263514826	70
1542263514814	97
1542263514885	67
1542263514911	64
1542263514896	80
1542263514952	50
1542263514975	49
1542263515002	50
1542263514976	85
1542263515024	65
1542263515061	48
1542263515052	90
1542263515090	58
1542263515142	45
1542263515148	40
1542263515109	101
1542263515187	62
1542263515188	63
1542263515210	72
1542263515249	48
1542263515251	61
1542263515283	54
1542263515297	52
1542263515313	46
1542263515337	48
1542263515349	47
1542263515359	42
1542263515385	48
1542263515396	44
1542263515401	51
1542263515433	54
1542263515440	50
1542263515452	49
1542263515490	63
1542263515487	68
1542263515501	58
1542263515555	59
1542263515553	63
1542263515559	71
1542263515615	58
1542263515616	58
1542263515630	48
1542263515673	36
1542263515678	36
1542263515674	47
1542263515710	42
1542263515721	43
1542263515752	54
1542263515714	95
1542263515764	46
1542263515806	64
1542263515809	74
1542263515810	78
1542263515870	53
1542263515883	59
1542263515888	58
1542263515923	38
1542263515942	48
1542263515946	53
1542263515961	47
1542263515999	50
1542263515990	65
1542263516008	52
1542263516060	43
1542263516055	51
1542263516049	59
1542263516106	46
1542263516103	49
1542263516108	48
1542263516152	42
1542263516152	71
1542263516156	70
1542263516194	50
1542263516226	46
1542263516223	53
1542263516244	52
1542263516272	44
1542263516276	53
1542263516296	56
1542263516316	50
1542263516329	39
1542263516352	49
1542263516366	49
1542263516368	59
1542263516401	65
1542263516427	71
1542263516415	85
1542263516466	45
1542263516498	61
1542263516500	73
1542263516511	89
1542263516559	55
1542263516573	47
1542263516614	34
1542263516600	54
1542263516620	52
1542263516649	67
1542263516654	63
1542263516672	48
1542263516717	59
1542263516720	60
1542263516716	65
1542263516776	48
1542263516781	44
1542263516781	49
1542263516825	43
1542263516830	46
1542263516824	64
1542263516876	53
1542263516888	46
1542263516868	79
1542263516929	46
1542263516934	56
1542263516947	52
1542263516975	51
1542263516990	56
1542263516999	72
1542263517026	65
1542263517071	45
1542263517046	98
1542263517116	42
1542263517158	70
1542263517091	137
1542263517145	105
1542263517228	80
1542263517228	80
1542263517250	97
1542263517308	54
1542263517308	68
1542263517362	37
1542263517347	72
1542263517376	45
1542263517399	42
1542263517419	40
1542263517421	50
1542263517441	48
1542263517459	43
1542263517471	38
1542263517502	47
1542263517489	63
1542263517509	53
1542263517549	46
1542263517552	61
1542263517562	52
1542263517595	49
1542263517613	51
1542263517614	76
1542263517664	41
1542263517645	84
1542263517691	49
1542263517705	50
1542263517729	42
1542263517740	39
1542263517755	60
1542263517771	44
1542263517779	50
1542263517815	55
1542263517815	56
1542263517829	45
1542263517870	54
1542263517874	60
1542263517871	79
1542263517924	64
1542263517934	59
1542263517993	42
1542263517988	59
1542263517950	117
1542263518047	58
1542263518067	43
1542263518035	99
1542263518105	51
1542263518111	49
1542263518134	47
1542263518160	48
1542263518156	74
1542263518182	77
1542263518208	67
1542263518230	49
1542263518260	47
1542263518275	37
1542263518279	36
1542263518307	48
1542263518312	67
1542263518315	65
1542263518355	45
1542263518381	44
1542263518379	59
1542263518400	44
1542263518425	58
1542263518444	49
1542263518438	56
1542263518483	38
1542263518493	44
1542263518494	51
1542263518521	49
1542263518537	47
1542263518545	64
1542263518570	48
1542263518584	44
1542263518618	60
1542263518609	72
1542263518628	64
1542263518678	53
1542263518692	50
1542263518681	73
1542263518731	35
1542263518742	46
1542263518754	49
1542263518766	63
1542263518789	64
1542263518803	64
1542263518829	62
1542263518853	54
1542263518867	42
1542263518891	45
1542263518907	48
1542263518909	46
1542263518955	59
1542263518955	59
1542263518936	111
1542263519014	57
1542263519014	63
1542263519077	45
1542263519071	55
1542263519047	80
1542263519122	65
1542263519127	60
1542263519126	76
1542263519187	62
1542263519187	66
1542263519202	74
1542263519250	42
1542263519253	57
1542263519276	49
1542263519292	48
1542263519310	45
1542263519325	42
1542263519340	67
1542263519355	53
1542263519367	42
1542263519407	60
1542263519409	72
1542263519408	79
1542263519467	53
1542263519481	46
1542263519487	50
1542263519520	49
1542263519527	48
1542263519537	46
1542263519583	49
1542263519575	59
1542263519569	65
1542263519634	42
1542263519634	54
1542263519632	57
1542263519676	38
1542263519688	46
1542263519689	47
1542263519714	74
1542263519734	57
1542263519736	76
1542263519788	46
1542263519791	48
1542263519812	48
1542263519834	48
1542263519839	52
1542263519882	44
1542263519860	69
1542263519891	55
1542263519926	43
1542263519929	46
1542263519946	62
1542263519976	50
1542263519969	78
1542263520008	67
1542263520026	70
1542263520047	68
1542263520096	54
1542263520075	78
1542263520115	46
1542263520153	49
1542263520161	47
1542263520202	43
1542263520150	97
1542263520208	47
1542263520245	45
1542263520247	44
1542263520255	61
1542263520291	58
1542263520316	45
1542263520290	79
1542263520349	54
1542263520369	50
1542263520361	65
1542263520403	48
1542263520419	41
1542263520426	41
1542263520451	54
1542263520467	56
1542263520460	66
1542263520505	44
1542263520526	38
1542263520523	58
1542263520549	46
1542263520564	49
1542263520581	53
1542263520595	47
1542263520613	63
1542263520634	64
1542263520642	75
1542263520676	45
1542263520698	51
1542263520717	39
1542263520721	66
1542263520756	56
1542263520749	63
1542263520787	45
1542263520812	45
1542263520812	56
1542263520832	49
1542263520857	49
1542263520868	47
1542263520881	53
1542263520907	59
1542263520915	55
1542263520934	50
1542263520966	51
1542263520984	40
1542263520970	59
1542263521017	35
1542263521029	36
1542263521024	63
1542263521052	44
1542263521065	59
1542263521087	46
1542263521096	40
1542263521124	46
1542263521133	38
1542263521136	44
1542263521171	57
1542263521170	65
1542263521181	56
1542263521228	59
1542263521237	60
1542263521235	75
1542263521287	48
1542263521297	47
1542263521310	43
1542263521335	55
1542263521344	56
1542263521353	49
1542263521390	50
1542263521402	49
1542263521400	54
1542263521440	54
1542263521451	47
1542263521454	54
1542263521494	41
1542263521498	49
1542263521508	75
1542263521535	55
1542263521547	50
1542263521583	59
1542263521590	64
1542263521597	90
1542263521642	50
1542263521654	53
1542263521687	47
1542263521692	60
1542263521707	52
1542263521734	48
1542263521752	53
1542263521759	49
1542263521782	54
1542263521808	81
1542263521836	55
1542263521805	91
1542263521889	50
1542263521891	48
1542263521896	50
1542263521939	59
1542263521939	72
1542263521946	67
1542263522011	43
1542263521998	59
1542263522013	47
1542263522054	45
1542263522057	45
1542263522060	47
1542263522099	45
1542263522102	44
1542263522107	52
1542263522144	52
1542263522159	49
1542263522146	63
1542263522209	51
1542263522196	66
1542263522209	60
1542263522262	59
1542263522269	56
1542263522260	74
1542263522321	46
1542263522325	44
1542263522367	38
1542263522334	74
1542263522369	42
1542263522405	71
1542263522408	75
1542263522412	76
1542263522476	46
1542263522483	42
1542263522488	51
1542263522522	48
1542263522525	67
1542263522539	61
1542263522570	55
1542263522601	41
1542263522592	65
1542263522625	44
1542263522643	43
1542263522657	43
1542263522669	45
1542263522686	48
1542263522700	45
1542263522714	62
1542263522734	59
1542263522745	52
1542263522776	41
1542263522797	49
1542263522793	54
1542263522817	45
1542263522846	49
1542263522862	46
1542263522847	61
1542263522895	43
1542263522908	42
1542263522908	60
1542263522938	44
1542263522950	58
1542263522968	55
1542263522982	45
1542263523023	63
1542263523027	61
1542263523008	87
1542263523086	40
1542263523088	57
1542263523095	52
1542263523127	41
1542263523147	53
1542263523145	56
1542263523168	47
1542263523201	43
1542263523200	46
1542263523215	55
1542263523244	45
1542263523246	53
1542263523270	48
1542263523289	52
1542263523299	73
1542263523318	60
1542263523341	57
1542263523372	65
1542263523398	82
1542263523437	44
1542263523378	109
1542263523480	38
1542263523481	44
1542263523487	52
1542263523518	45
1542263523539	48
1542263523525	63
1542263523563	51
1542263523587	48
1542263523588	60
1542263523614	66
1542263523635	57
1542263523648	48
1542263523680	49
1542263523692	47
1542263523696	54
1542263523729	43
1542263523750	41
1542263523740	61
1542263523772	46
1542263523792	49
1542263523801	54
1542263523818	42
1542263523841	59
1542263523855	57
1542263523860	58
1542263523900	42
1542263523912	57
1542263523942	70
1542263523918	105
1542263523969	59
1542263524012	49
1542263524023	48
1542263524028	61
1542263524071	40
1542263524061	60
1542263524089	50
1542263524111	48
1542263524121	54
1542263524139	53
1542263524159	44
1542263524175	54
1542263524192	47
1542263524203	72
1542263524229	65
1542263524275	32
1542263524239	69
1542263524294	51
1542263524307	40
1542263524308	46
1542263524347	50
1542263524354	43
1542263524345	61
1542263524397	45
1542263524397	47
1542263524406	49
1542263524455	44
1542263524444	55
1542263524442	64
1542263524499	63
1542263524506	60
1542263524499	67
1542263524566	37
1542263524566	40
1542263524562	69
1542263524603	46
1542263524606	50
1542263524649	45
1542263524631	63
1542263524656	47
1542263524694	54
1542263524694	57
1542263524703	51
1542263524754	38
1542263524748	58
1542263524751	55
1542263524792	55
1542263524806	67
1542263524806	81
1542263524847	61
1542263524873	42
1542263524887	58
1542263524908	51
1542263524915	49
1542263524945	54
1542263524960	43
1542263524964	51
1542263525003	49
1542263524999	54
1542263525015	55
1542263525052	43
1542263525053	60
1542263525070	48
1542263525114	40
1542263525095	70
1542263525118	49
1542263525154	48
1542263525165	51
1542263525168	48
1542263525202	46
1542263525216	47
1542263525216	58
1542263525249	43
1542263525263	45
1542263525274	44
1542263525292	41
1542263525308	43
1542263525318	45
1542263525333	73
1542263525351	74
1542263525363	72
1542263525407	57
1542263525435	50
1542263525425	67
1542263525465	60
1542263525492	45
1542263525485	85
1542263525525	48
1542263525537	39
1542263525573	40
1542263525576	49
1542263525570	59
1542263525613	37
1542263525629	38
1542263525625	57
1542263525667	53
1542263525682	47
1542263525651	95
1542263525720	50
1542263525729	58
1542263525746	48
1542263525771	59
1542263525787	55
1542263525794	53
1542263525847	41
1542263525842	49
1542263525830	77
1542263525888	45
1542263525891	46
1542263525907	45
1542263525933	50
1542263525937	46
1542263525952	53
1542263525983	52
1542263525983	64
1542263526005	58
1542263526035	41
1542263526047	57
1542263526063	52
1542263526076	39
1542263526104	41
1542263526115	44
1542263526115	76
1542263526145	63
1542263526159	60
1542263526208	55
1542263526219	53
1542263526191	99
1542263526263	44
1542263526272	44
1542263526307	60
1542263526290	77
1542263526316	69
1542263526367	48
1542263526385	51
1542263526367	85
1542263526415	49
1542263526436	49
1542263526452	43
1542263526464	53
1542263526485	42
1542263526495	52
1542263526527	39
1542263526517	56
1542263526547	60
1542263526566	42
1542263526573	43
1542263526616	49
1542263526608	77
1542263526607	99
1542263526665	43
1542263526685	69
1542263526706	68
1542263526709	66
1542263526754	41
1542263526775	50
1542263526795	36
1542263526774	80
1542263526831	40
1542263526825	49
1542263526854	42
1542263526874	58
1542263526871	64
1542263526896	72
1542263526932	52
1542263526935	85
1542263526968	54
1542263526984	50
1542263527020	73
1542263527034	63
1542263527022	84
1542263527097	47
1542263527093	56
1542263527106	55
1542263527149	43
1542263527144	49
1542263527161	49
1542263527193	43
1542263527192	58
1542263527236	49
1542263527210	78
1542263527250	53
1542263527288	53
1542263527285	61
1542263527303	49
1542263527341	42
1542263527352	40
1542263527346	48
1542263527383	46
1542263527394	42
1542263527392	49
1542263527429	40
1542263527436	38
1542263527441	63
1542263527469	47
1542263527474	77
1542263527504	54
1542263527516	55
1542263527551	48
1542263527558	49
1542263527571	65
1542263527607	46
1542263527599	75
1542263527636	47
1542263527653	53
1542263527674	53
1542263527683	53
1542263527706	48
1542263527727	49
1542263527736	44
1542263527754	59
1542263527776	59
1542263527780	72
1542263527813	65
1542263527835	47
1542263527852	50
1542263527878	43
1542263527882	56
1542263527902	48
1542263527950	38
1542263527921	69
1542263527938	53
1542263527988	42
1542263527990	51
1542263527991	57
1542263528030	55
1542263528048	44
1542263528041	52
1542263528085	47
1542263528092	55
1542263528093	58
1542263528132	63
1542263528147	49
1542263528151	57
1542263528195	40
1542263528196	40
1542263528208	46
1542263528235	43
1542263528236	42
1542263528254	73
1542263528278	52
1542263528278	54
1542263528330	49
1542263528332	50
1542263528327	63
1542263528379	53
1542263528390	48
1542263528382	96
1542263528432	61
1542263528438	60
1542263528478	45
1542263528498	47
1542263528493	56
1542263528523	45
1542263528545	60
1542263528549	58
1542263528568	49
1542263528607	70
1542263528617	61
1542263528605	93
1542263528677	43
1542263528678	44
1542263528698	68
1542263528720	56
1542263528722	65
1542263528776	40
1542263528766	82
1542263528787	64
1542263528816	50
1542263528851	54
1542263528848	63
1542263528866	50
1542263528905	45
1542263528911	40
1542263528916	50
1542263528950	63
1542263528966	53
1542263528951	83
1542263529013	49
1542263529019	60
1542263529034	61
1542263529062	46
1542263529079	55
1542263529095	55
1542263529108	53
1542263529150	41
1542263529134	57
1542263529161	48
1542263529191	43
1542263529191	47
1542263529209	50
1542263529238	43
1542263529234	50
1542263529259	53
1542263529281	52
1542263529284	59
1542263529312	55
1542263529333	58
1542263529343	71
1542263529367	48
1542263529391	44
1542263529415	47
1542263529415	50
1542263529435	48
1542263529483	40
1542263529465	59
1542263529462	65
1542263529524	44
1542263529523	45
1542263529527	48
1542263529575	48
1542263529568	59
1542263529568	65
1542263529623	54
1542263529627	77
1542263529633	74
1542263529677	46
1542263529704	48
1542263529724	46
1542263529752	57
1542263529770	39
1542263529707	124
1542263529809	46
1542263529809	50
1542263529831	37
1542263529855	37
1542263529859	36
1542263529868	44
1542263529892	49
1542263529895	55
1542263529912	77
1542263529950	46
1542263529941	60
1542263529989	50
1542263530001	49
1542263529997	61
1542263530050	61
1542263530039	72
1542263530058	64
1542263530111	46
1542263530122	41
1542263530111	59
1542263530163	42
1542263530157	49
1542263530170	63
1542263530206	54
1542263530205	62
1542263530234	56
1542263530260	49
1542263530267	60
1542263530290	48
1542263530309	43
1542263530338	41
1542263530327	58
1542263530352	42
1542263530379	34
1542263530385	35
1542263530394	48
1542263530413	52
1542263530420	47
1542263530442	58
1542263530465	47
1542263530467	49
1542263530500	76
1542263530516	80
1542263530512	88
1542263530576	55
1542263530600	44
1542263530596	57
1542263530631	34
1542263530644	47
1542263530653	48
1542263530665	45
1542263530691	54
1542263530701	47
1542263530710	55
1542263530745	50
1542263530748	59
1542263530765	54
1542263530795	53
1542263530819	41
1542263530807	58
1542263530848	46
1542263530860	76
1542263530865	91
1542263530894	62
1542263530936	38
1542263530956	36
1542263530956	48
1542263530974	50
1542263530992	46
1542263531004	49
1542263531025	47
1542263531038	59
1542263531053	60
1542263531073	52
1542263531113	49
1542263531097	91
1542263531125	71
1542263531162	49
1542263531196	50
1542263531188	69
1542263531211	48
1542263531259	46
1542263531246	61
1542263531257	50
1542263531307	53
1542263531307	59
1542263531305	69
1542263531360	47
1542263531366	51
1542263531374	44
1542263531418	55
1542263531407	70
1542263531417	72
1542263531473	49
1542263531489	42
1542263531477	62
1542263531522	49
1542263531531	52
1542263531539	48
1542263531587	45
1542263531584	53
1542263531632	57
1542263531571	131
1542263531637	70
1542263531689	51
1542263531702	44
1542263531707	62
1542263531746	62
1542263531769	48
1542263531740	107
1542263531808	64
1542263531847	37
1542263531817	73
1542263531884	39
1542263531872	55
1542263531890	57
1542263531927	51
1542263531947	44
1542263531923	84
1542263531978	44
1542263531991	40
1542263532022	65
1542263532031	79
1542263532007	123
1542263532087	47
1542263532110	50
1542263532130	51
1542263532134	51
1542263532160	42
1542263532185	60
1542263532181	66
1542263532202	50
1542263532245	38
1542263532247	44
1542263532252	42
1542263532283	36
1542263532291	54
1542263532294	54
1542263532319	51
1542263532348	49
1542263532345	52
1542263532370	66
1542263532397	59
1542263532397	77
1542263532436	52
1542263532456	46
1542263532474	43
1542263532488	44
1542263532502	45
1542263532517	47
1542263532532	36
1542263532547	42
1542263532568	47
1542263532564	54
1542263532589	62
1542263532615	56
1542263532618	73
1542263532651	40
1542263532671	48
1542263532691	41
1542263532719	37
1542263532691	81
1542263532732	61
1542263532756	39
1542263532772	47
1542263532793	58
1542263532819	41
1542263532795	73
1542263532851	45
1542263532868	48
1542263532896	42
1542263532860	92
1542263532916	63
1542263532938	60
1542263532952	48
1542263532979	47
1542263532998	44
1542263533000	51
1542263533026	36
1542263533042	59
1542263533051	50
1542263533062	48
1542263533101	44
1542263533101	52
1542263533110	46
1542263533145	58
1542263533156	52
1542263533153	55
1542263533203	53
1542263533208	73
1542263533208	80
1542263533256	49
1542263533281	38
1542263533305	42
1542263533288	61
1542263533319	46
1542263533347	40
1542263533349	69
1542263533365	53
1542263533387	40
1542263533418	48
1542263533418	50
1542263533427	50
1542263533468	55
1542263533477	53
1542263533467	69
1542263533523	40
1542263533536	42
1542263533530	56
1542263533563	39
1542263533578	52
1542263533587	63
1542263533602	63
1542263533630	48
1542263533650	53
1542263533665	42
1542263533678	42
1542263533721	41
1542263533703	63
1542263533707	70
1542263533762	41
1542263533766	53
1542263533777	52
1542263533803	38
1542263533819	46
1542263533829	78
1542263533841	68
1542263533865	44
1542263533909	44
1542263533907	60
1542263533909	58
1542263533953	48
1542263533967	47
1542263533967	56
1542263534001	55
1542263534014	57
1542263534023	65
1542263534056	43
1542263534071	40
1542263534088	42
1542263534099	90
1542263534111	82
1542263534130	75
1542263534193	52
1542263534189	57
1542263534205	48
1542263534246	51
1542263534253	45
1542263534245	70
1542263534298	49
1542263534297	52
1542263534315	37
1542263534347	46
1542263534349	49
1542263534352	56
1542263534398	51
1542263534393	71
1542263534408	75
1542263534449	45
1542263534464	56
1542263534483	51
1542263534494	59
1542263534520	57
1542263534535	47
1542263534553	49
1542263534577	40
1542263534582	45
1542263534602	47
1542263534617	39
1542263534627	43
1542263534656	51
1542263534649	59
1542263534670	43
1542263534708	80
1542263534707	81
1542263534713	103
1542263534788	53
1542263534788	54
1542263534816	49
1542263534842	47
1542263534842	48
1542263534865	41
1542263534890	42
1542263534889	55
1542263534906	43
1542263534932	50
1542263534944	55
1542263534949	58
1542263534982	54
1542263534999	62
1542263535007	90
1542263535036	78
1542263535061	66
1542263535097	61
1542263535114	47
1542263535127	46
1542263535161	40
1542263535159	47
1542263535173	48
1542263535201	36
1542263535206	45
1542263535221	53
1542263535251	37
1542263535237	70
1542263535274	71
1542263535288	65
1542263535307	46
1542263535354	58
1542263535354	60
1542263535345	84
1542263535414	53
1542263535429	45
1542263535412	65
1542263535467	41
1542263535474	59
1542263535477	73
1542263535508	59
1542263535533	43
1542263535550	81
1542263535576	72
1542263535567	82
1542263535632	60
1542263535649	67
1542263535648	82
1542263535716	52
1542263535692	77
1542263535730	59
1542263535769	52
1542263535768	60
1542263535789	56
1542263535828	52
1542263535845	44
1542263535821	70
1542263535880	46
1542263535889	51
1542263535891	58
1542263535926	76
1542263535940	67
1542263535950	62
1542263536002	54
1542263536012	45
1542263536007	63
1542263536056	41
1542263536057	49
1542263536070	59
1542263536106	36
1542263536097	58
1542263536142	38
1542263536129	70
1542263536155	45
1542263536180	42
1542263536200	56
1542263536199	67
1542263536222	54
1542263536256	52
1542263536266	65
1542263536276	60
1542263536308	43
1542263536336	42
1542263536331	47
1542263536378	53
1542263536378	53
1542263536351	82
1542263536431	56
1542263536433	54
1542263536431	60
1542263536487	48
1542263536487	49
1542263536491	65
1542263536535	47
1542263536536	64
1542263536556	57
1542263536582	36
1542263536613	39
1542263536618	52
1542263536600	70
1542263536652	41
1542263536670	56
1542263536670	57
1542263536693	47
1542263536726	49
1542263536740	48
1542263536727	64
1542263536775	50
1542263536791	43
1542263536788	102
1542263536825	65
1542263536835	59
1542263536890	57
1542263536890	60
1542263536894	80
1542263536947	45
1542263536950	54
1542263536974	55
1542263536992	50
1542263537004	54
1542263537029	51
1542263537042	52
1542263537080	53
1542263537058	78
1542263537094	46
1542263537133	54
1542263537140	57
1542263537136	61
1542263537187	37
1542263537197	37
1542263537197	56
1542263537224	48
1542263537234	54
1542263537272	41
1542263537253	64
1542263537288	46
1542263537317	41
1542263537313	47
1542263537334	48
1542263537360	44
1542263537358	47
1542263537382	41
1542263537404	45
1542263537405	48
1542263537423	52
1542263537453	56
1542263537449	70
1542263537475	45
1542263537509	48
1542263537520	47
1542263537520	63
1542263537557	49
1542263537567	47
1542263537583	69
1542263537614	50
1542263537606	61
1542263537664	46
1542263537652	59
1542263537667	60
1542263537711	82
1542263537727	87
1542263537710	105
1542263537793	54
1542263537814	45
1542263537815	44
1542263537859	55
1542263537847	67
1542263537859	67
1542263537914	54
1542263537914	59
1542263537926	64
1542263537968	48
1542263537973	55
1542263537990	49
1542263538016	48
1542263538028	63
1542263538039	65
1542263538064	54
1542263538091	47
1542263538104	49
1542263538118	50
1542263538138	45
1542263538153	50
1542263538168	42
1542263538183	65
1542263538203	52
1542263538210	58
1542263538255	51
1542263538268	38
1542263538248	65
1542263538313	71
1542263538306	93
1542263538306	93
1542263538399	47
1542263538384	63
1542263538399	49
1542263538446	54
1542263538448	54
1542263538447	67
1542263538502	39
1542263538500	43
1542263538514	48
1542263538541	38
1542263538543	39
1542263538562	43
1542263538582	51
1542263538579	54
1542263538605	64
1542263538633	71
1542263538633	75
1542263538669	42
1542263538708	46
1542263538704	63
1542263538711	71
1542263538754	39
1542263538767	42
1542263538793	42
1542263538782	56
1542263538809	46
1542263538838	42
1542263538835	52
1542263538855	42
1542263538880	37
1542263538887	51
1542263538897	50
1542263538917	54
1542263538938	42
1542263538947	50
1542263538971	48
1542263538980	52
1542263539019	60
1542263538997	90
1542263539032	55
1542263539087	42
1542263539079	51
1542263539087	55
1542263539130	62
1542263539129	71
1542263539142	59
1542263539192	54
1542263539201	48
1542263539200	49
1542263539249	60
1542263539246	63
1542263539249	61
1542263539310	42
1542263539309	52
1542263539309	59
1542263539352	40
1542263539361	41
1542263539368	57
1542263539392	49
1542263539403	47
1542263539425	59
1542263539441	45
1542263539450	64
1542263539484	54
1542263539486	52
1542263539514	61
1542263539538	55
1542263539538	59
1542263539575	44
1542263539593	40
1542263539597	37
1542263539619	42
1542263539634	55
1542263539633	56
1542263539661	37
1542263539689	53
1542263539698	47
1542263539689	68
1542263539745	51
1542263539757	44
1542263539743	70
1542263539796	49
1542263539801	50
1542263539813	47
1542263539851	71
1542263539845	81
1542263539860	68
1542263539922	50
1542263539928	82
1542263539972	50
1542263539926	98
1542263540010	58
1542263540022	48
1542263540070	41
1542263540068	48
1542263540024	95
1542263540111	58
1542263540116	64
1542263540119	68
1542263540180	39
1542263540169	60
1542263540187	51
1542263540219	52
1542263540238	49
1542263540229	58
1542263540271	50
1542263540287	54
1542263540287	84
1542263540321	50
1542263540341	58
1542263540371	41
1542263540371	61
1542263540412	54
1542263540432	42
1542263540399	92
1542263540466	73
1542263540491	63
1542263540475	82
1542263540540	49
1542263540554	47
1542263540557	51
1542263540601	52
1542263540608	49
1542263540589	82
1542263540657	40
1542263540653	44
1542263540671	56
1542263540697	42
1542263540697	62
1542263540759	50
1542263540727	84
1542263540739	75
1542263540809	46
1542263540811	49
1542263540814	55
1542263540855	41
1542263540869	39
1542263540860	55
1542263540896	51
1542263540908	63
1542263540915	71
1542263540947	48
1542263540971	42
1542263540986	50
1542263540995	42
1542263541013	61
1542263541037	69
1542263541036	91
1542263541074	57
1542263541106	47
1542263541128	52
1542263541131	61
1542263541153	50
1542263541192	39
1542263541180	58
1542263541203	49
1542263541231	42
1542263541238	55
1542263541252	49
1542263541273	46
1542263541293	34
1542263541301	57
1542263541319	47
1542263541327	60
1542263541358	38
1542263541367	52
1542263541396	62
1542263541419	47
1542263541387	80
1542263541466	42
1542263541467	47
1542263541458	56
1542263541508	51
1542263541514	47
1542263541514	60
1542263541561	46
1542263541559	49
1542263541574	71
1542263541607	60
1542263541608	59
1542263541645	49
1542263541667	42
1542263541667	60
1542263541709	42
1542263541694	58
1542263541727	51
1542263541752	54
1542263541752	55
1542263541778	49
1542263541807	55
1542263541806	58
1542263541827	38
1542263541864	43
1542263541865	44
1542263541862	52
1542263541908	59
1542263541914	69
1542263541909	92
1542263541967	45
1542263541983	36
1542263542001	52
1542263542019	45
1542263542012	67
1542263542053	59
1542263542064	52
1542263542079	49
1542263542112	55
1542263542116	57
1542263542128	48
1542263542167	34
1542263542173	41
1542263542176	47
1542263542201	76
1542263542214	82
1542263542223	75
1542263542277	64
1542263542298	61
1542263542296	81
1542263542341	64
1542263542359	60
1542263542377	42
1542263542405	39
1542263542419	48
1542263542419	58
1542263542444	49
1542263542467	45
1542263542477	37
1542263542493	54
1542263542512	51
1542263542514	73
1542263542547	40
1542263542563	54
1542263542587	66
1542263542587	69
1542263542617	51
1542263542656	40
1542263542653	61
1542263542668	49
1542263542697	46
1542263542714	42
1542263542717	49
1542263542743	54
1542263542756	51
1542263542766	43
1542263542797	43
1542263542807	64
1542263542809	78
1542263542840	48
1542263542871	46
1542263542887	45
1542263542888	81
1542263542917	53
1542263542932	43
1542263542969	38
1542263542971	37
1542263542975	44
1542263543007	49
1542263543008	59
1542263543019	53
1542263543067	48
1542263543056	59
1542263543072	64
1542263543115	43
1542263543115	66
1542263543136	58
1542263543158	50
1542263543181	58
1542263543194	52
1542263543208	42
1542263543250	38
1542263543239	50
1542263543246	44
1542263543290	41
1542263543288	53
1542263543289	67
1542263543341	47
1542263543332	57
1542263543356	58
1542263543388	44
1542263543389	59
1542263543414	56
1542263543432	49
1542263543448	59
1542263543470	42
1542263543481	42
1542263543508	39
1542263543512	37
1542263543523	56
1542263543547	46
1542263543549	58
1542263543579	45
1542263543593	47
1542263543607	41
1542263543624	52
1542263543640	67
1542263543676	35
1542263543648	66
1542263543707	66
1542263543714	70
1542263543711	77
1542263543773	42
1542263543788	44
1542263543784	69
1542263543815	38
1542263543832	44
1542263543853	51
1542263543853	61
1542263543876	45
1542263543904	52
1542263543914	53
1542263543921	74
1542263543956	47
1542263543967	44
1542263543995	38
1542263544003	65
1542263544011	77
1542263544033	70
1542263544068	43
1542263544103	46
1542263544088	83
1542263544111	62
1542263544150	42
1542263544171	40
1542263544173	66
1542263544192	49
1542263544211	39
1542263544241	42
1542263544239	44
1542263544250	43
1542263544283	50
1542263544283	57
1542263544293	54
1542263544333	47
1542263544347	47
1542263544340	58
1542263544381	49
1542263544394	43
1542263544398	50
1542263544430	44
1542263544448	40
1542263544437	57
1542263544474	70
1542263544488	62
1542263544494	58
1542263544544	43
1542263544552	43
1542263544550	50
1542263544587	37
1542263544595	45
1542263544600	58
1542263544624	48
1542263544640	43
1542263544658	50
1542263544672	45
1542263544683	42
1542263544708	38
1542263544725	51
1542263544717	59
1542263544746	53
1542263544776	40
1542263544776	51
1542263544799	53
1542263544816	61
1542263544827	50
1542263544852	72
1542263544877	54
1542263544877	57
1542263544924	55
1542263544931	57
1542263544934	57
1542263544979	75
1542263544991	69
1542263544988	75
1542263545061	36
1542263545061	37
1542263545063	46
1542263545098	45
1542263545097	57
1542263545109	56
1542263545143	53
1542263545154	54
1542263545165	44
1542263545196	51
1542263545208	56
1542263545209	78
1542263545247	42
1542263545264	39
1542263545289	62
1542263545287	69
1542263545303	66
1542263545351	38
1542263545356	39
1542263545369	53
1542263545389	44
1542263545395	52
1542263545433	40
1542263545422	55
1542263545447	47
1542263545473	46
1542263545477	44
1542263545494	45
1542263545519	46
1542263545521	64
1542263545540	60
1542263545565	46
1542263545600	49
1542263545585	70
1542263545611	47
1542263545658	51
1542263545649	64
1542263545655	63
1542263545709	52
1542263545713	66
1542263545718	62
1542263545761	69
1542263545779	64
1542263545780	67
1542263545830	50
1542263545843	61
1542263545847	60
1542263545880	43
1542263545904	40
1542263545907	43
1542263545923	48
1542263545944	45
1542263545950	59
1542263545971	62
1542263545989	46
1542263546009	49
1542263546033	48
1542263546035	59
1542263546059	52
1542263546081	41
1542263546094	43
1542263546111	57
1542263546137	38
1542263546122	76
1542263546168	40
1542263546175	44
1542263546208	59
1542263546219	53
1542263546198	76
1542263546267	45
1542263546274	47
1542263546272	55
1542263546312	46
1542263546321	43
1542263546327	43
1542263546364	49
1542263546358	55
1542263546370	60
1542263546413	65
1542263546413	74
1542263546430	62
1542263546478	48
1542263546487	46
1542263546492	50
1542263546542	48
1542263546533	62
1542263546526	93
1542263546590	42
1542263546595	54
1542263546619	47
1542263546632	39
1542263546649	39
1542263546671	40
1542263546666	54
1542263546688	49
1542263546720	45
1542263546711	60
1542263546737	73
1542263546765	45
1542263546771	52
1542263546811	54
1542263546823	57
1542263546811	76
1542263546865	46
1542263546880	35
1542263546887	44
1542263546911	40
1542263546931	38
1542263546915	55
1542263546952	38
1542263546969	59
1542263546970	58
1542263546990	49
1542263547039	46
1542263547028	60
1542263547028	64
1542263547085	50
1542263547092	44
1542263547088	59
1542263547136	41
1542263547135	53
1542263547148	49
1542263547177	35
1542263547188	44
1542263547197	41
1542263547212	56
1542263547238	51
1542263547232	60
1542263547268	54
1542263547289	46
1542263547322	48
1542263547292	83
1542263547335	47
1542263547370	40
1542263547375	48
1542263547382	41
1542263547410	39
1542263547423	39
1542263547423	44
1542263547462	42
1542263547449	58
1542263547467	44
1542263547504	39
1542263547507	41
1542263547511	64
1542263547543	50
1542263547548	48
1542263547575	52
1542263547596	46
1542263547593	66
1542263547642	49
1542263547627	69
1542263547659	53
1542263547696	48
1542263547691	57
1542263547712	61
1542263547748	45
1542263547744	64
1542263547773	43
1542263547793	54
1542263547808	50
1542263547816	61
1542263547847	41
1542263547858	58
1542263547888	39
1542263547877	60
1542263547916	56
1542263547927	58
1542263547937	52
1542263547972	45
1542263547985	52
1542263548017	44
1542263548037	57
1542263547989	109
1542263548061	46
1542263548094	39
1542263548098	42
1542263548107	53
1542263548133	44
1542263548140	48
1542263548160	66
1542263548177	51
1542263548188	45
1542263548226	67
1542263548233	64
1542263548228	77
1542263548293	66
1542263548297	62
1542263548305	54
1542263548359	49
1542263548359	55
1542263548359	68
1542263548408	44
1542263548414	61
1542263548427	48
1542263548452	50
1542263548475	47
1542263548475	50
1542263548502	71
1542263548522	61
1542263548573	49
1542263548525	103
1542263548583	48
1542263548628	40
1542263548622	46
1542263548631	53
1542263548668	46
1542263548668	46
1542263548684	60
1542263548714	55
1542263548714	55
1542263548744	44
1542263548788	39
1542263548769	73
1542263548769	75
1542263548842	48
1542263548844	61
1542263548827	79
1542263548890	49
1542263548905	34
1542263548906	69
1542263548939	47
1542263548939	50
1542263548986	42
1542263548975	53
1542263548989	41
1542263549028	40
1542263549028	52
1542263549030	59
1542263549068	42
1542263549080	49
1542263549089	48
1542263549110	68
1542263549129	49
1542263549137	50
1542263549178	49
1542263549187	46
1542263549178	57
1542263549228	40
1542263549233	47
1542263549235	45
1542263549280	41
1542263549268	59
1542263549280	58
1542263549321	50
1542263549327	56
1542263549338	60
1542263549371	59
1542263549383	54
1542263549399	45
1542263549430	55
1542263549437	53
1542263549444	74
1542263549490	43
1542263549485	49
1542263549518	46
1542263549533	55
1542263549534	54
1542263549564	59
1542263549588	44
1542263549588	60
1542263549623	37
1542263549632	43
1542263549660	39
1542263549648	53
1542263549675	36
1542263549699	48
1542263549702	48
1542263549711	52
1542263549747	52
1542263549750	52
1542263549763	44
1542263549802	40
1542263549799	51
1542263549807	49
1542263549842	53
1542263549850	53
1542263549856	48
1542263549895	40
1542263549904	47
1542263549903	50
1542263549935	47
1542263549953	61
1542263549951	63
1542263549982	46
1542263550014	52
1542263550014	55
1542263550028	60
1542263550066	62
1542263550069	79
1542263550088	61
1542263550128	43
1542263550148	39
1542263550149	53
1542263550171	44
1542263550187	45
1542263550202	59
1542263550215	48
1542263550232	55
1542263550287	46
1542263550263	72
1542263550261	77
1542263550333	62
1542263550338	71
1542263550335	76
1542263550395	49
1542263550409	42
1542263550411	43
1542263550444	43
1542263550454	46
1542263550451	75
1542263550487	47
1542263550500	52
1542263550526	61
1542263550534	53
1542263550552	49
1542263550601	62
1542263550587	76
1542263550587	113
1542263550663	53
1542263550663	67
1542263550700	42
1542263550716	41
1542263550730	39
1542263550742	35
1542263550757	64
1542263550777	47
1542263550769	65
1542263550824	48
1542263550821	53
1542263550835	42
1542263550873	53
1542263550874	56
1542263550877	57
1542263550926	60
1542263550934	56
1542263550930	78
1542263550991	43
1542263551008	47
1542263550986	80
1542263551034	53
1542263551055	45
1542263551066	59
1542263551087	49
1542263551100	53
1542263551125	49
1542263551136	42
1542263551153	43
1542263551174	52
1542263551196	55
1542263551178	78
1542263551226	45
1542263551251	49
1542263551271	38
1542263551256	76
1542263551309	43
1542263551300	59
1542263551332	44
1542263551352	50
1542263551359	48
1542263551376	38
1542263551402	44
1542263551407	53
1542263551414	65
1542263551446	42
1542263551460	43
1542263551488	35
1542263551479	45
1542263551504	62
1542263551524	51
1542263551523	67
1542263551575	44
1542263551566	53
1542263551590	46
1542263551619	52
1542263551619	56
1542263551636	47
1542263551671	52
1542263551677	48
1542263551683	44
1542263551725	39
1542263551724	44
1542263551728	48
1542263551768	40
1542263551764	47
1542263551776	65
1542263551808	70
1542263551841	51
1542263551811	84
1542263551878	65
1542263551895	48
1542263551892	55
1542263551947	46
1542263551943	51
1542263551943	51
1542263551993	38
1542263551994	42
1542263551994	51
1542263552031	56
1542263552036	51
1542263552045	45
1542263552090	47
1542263552087	52
1542263552087	64
1542263552137	48
1542263552139	47
1542263552151	44
1542263552185	52
1542263552195	43
1542263552186	67
1542263552238	37
1542263552237	39
1542263552253	41
1542263552276	37
1542263552294	34
1542263552275	55
1542263552313	58
1542263552330	43
1542263552328	60
1542263552371	46
1542263552373	47
1542263552388	47
1542263552417	53
1542263552420	58
1542263552435	58
1542263552470	58
1542263552478	50
1542263552493	43
1542263552528	59
1542263552528	59
1542263552536	51
1542263552587	44
1542263552587	45
1542263552587	45
1542263552632	48
1542263552632	48
1542263552631	56
1542263552687	41
1542263552680	56
1542263552680	57
1542263552728	51
1542263552736	53
1542263552737	72
1542263552779	48
1542263552789	42
1542263552809	43
1542263552827	58
1542263552831	58
1542263552852	55
1542263552889	50
1542263552885	54
1542263552907	60
1542263552939	42
1542263552939	45
1542263552984	43
1542263552981	47
1542263552967	80
1542263553027	54
1542263553047	54
1542263553028	79
1542263553081	52
1542263553101	45
1542263553107	42
1542263553146	48
1542263553133	61
1542263553149	85
1542263553203	55
1542263553203	56
1542263553234	52
1542263553259	42
1542263553286	39
1542263553259	69
1542263553301	43
1542263553328	49
1542263553325	66
1542263553377	37
1542263553344	94
1542263553391	51
1542263553438	41
1542263553414	65
1542263553479	58
1542263553442	98
1542263553479	61
1542263553540	41
1542263553540	49
1542263553537	56
1542263553581	37
1542263553589	43
1542263553593	39
1542263553618	67
1542263553632	58
1542263553632	70
1542263553685	47
1542263553690	50
1542263553702	51
1542263553732	55
1542263553753	53
1542263553740	72
1542263553787	38
1542263553806	46
1542263553825	44
1542263553812	77
1542263553852	40
1542263553869	52
1542263553889	44
1542263553892	55
1542263553921	51
1542263553947	59
1542263553933	74
1542263553972	53
1542263554006	42
1542263554007	45
1542263554025	54
1542263554048	48
1542263554052	51
1542263554079	45
1542263554096	42
1542263554103	59
1542263554124	53
1542263554138	49
1542263554162	43
1542263554177	69
1542263554205	62
1542263554187	93
1542263554246	69
1542263554267	52
1542263554280	56
1542263554315	45
1542263554319	47
1542263554336	52
1542263554366	43
1542263554360	51
1542263554388	48
1542263554409	43
1542263554411	60
1542263554436	55
1542263554452	51
1542263554471	53
1542263554491	50
1542263554503	44
1542263554524	39
1542263554541	45
1542263554547	45
1542263554563	48
1542263554586	57
1542263554611	41
1542263554592	62
1542263554643	51
1542263554654	46
1542263554652	56
1542263554700	48
1542263554694	67
1542263554708	54
1542263554761	49
1542263554748	71
1542263554762	61
1542263554810	49
1542263554819	65
1542263554823	68
1542263554859	39
1542263554898	45
1542263554884	63
1542263554891	57
1542263554948	44
1542263554944	49
1542263554947	48
1542263554995	40
1542263554993	60
1542263554992	61
1542263555035	54
1542263555053	41
1542263555053	44
1542263555094	39
1542263555097	52
1542263555089	81
1542263555133	59
1542263555149	59
1542263555170	58
1542263555192	41
1542263555208	53
1542263555228	41
1542263555233	55
1542263555261	61
1542263555269	59
1542263555288	56
1542263555322	60
1542263555344	38
1542263555328	59
1542263555382	47
1542263555382	48
1542263555387	46
1542263555429	46
1542263555430	71
1542263555433	72
1542263555475	53
1542263555505	36
1542263555501	49
1542263555528	47
1542263555541	38
1542263555550	48
1542263555575	41
1542263555579	50
1542263555598	40
1542263555616	41
1542263555629	48
1542263555638	43
1542263555657	46
1542263555677	42
1542263555681	55
1542263555703	68
1542263555719	54
1542263555771	54
1542263555773	61
1542263555825	56
1542263555834	48
1542263555881	34
1542263555882	55
1542263555915	39
1542263555937	47
1542263555954	47
1542263555984	43
1542263556002	60
1542263556027	49
1542263556076	54
1542263556130	72
1542263555736	596
1542263556063	269
1542263556202	145
1542263556334	84
1542263556347	84
1542263556334	116
1542263556418	35
1542263556431	38
1542263556453	47
1542263556470	49
1542263556450	79
1542263556500	68
1542263556519	64
1542263556529	61
1542263556583	52
1542263556590	90
1542263556635	56
1542263556680	44
1542263556691	45
1542263556568	176
1542263556744	45
1542263556724	97
1542263556736	98
1542263556789	56
1542263556821	44
1542263556845	52
1542263556834	66
1542263556865	38
1542263556897	64
1542263556903	64
1542263556900	76
1542263556976	40
1542263556961	113
1542263556967	116
1542263557016	67
1542263557074	60
1542263557083	52
1542263557083	71
1542263557134	40
1542263557135	48
1542263557174	53
1542263557154	76
1542263557183	54
1542263557237	73
1542263557230	103
1542263557310	41
1542263557227	156
1542263557333	52
1542263557351	66
1542263557383	53
1542263557385	78
1542263557417	61
1542263557436	46
1542263557482	45
1542263557478	72
1542263557463	87
1542263557527	63
1542263557551	56
1542263557551	75
1542263557590	50
1542263557608	37
1542263557640	48
1542263557626	76
1542263557645	60
1542263557702	40
1542263557705	42
1542263557688	77
1542263557742	45
1542263557747	42
1542263557765	40
1542263557789	58
1542263557787	61
1542263557805	83
1542263557847	41
1542263557848	82
1542263557888	53
1542263557888	54
1542263557942	46
1542263557930	63
1542263557941	75
1542263557988	61
1542263558016	38
1542263557993	82
1542263558049	44
1542263558054	53
1542263558075	45
1542263558093	38
1542263558107	45
1542263558120	46
1542263558131	59
1542263558152	55
1542263558166	45
1542263558190	44
1542263558211	37
1542263558207	46
1542263558234	61
1542263558248	47
1542263558253	56
1542263558295	46
1542263558295	50
1542263558309	42
1542263558341	39
1542263558345	50
1542263558380	48
1542263558395	39
1542263558351	85
1542263558434	63
1542263558428	69
1542263558436	61
1542263558497	39
1542263558497	69
1542263558497	79
1542263558536	45
1542263558581	42
1542263558566	66
1542263558576	74
1542263558632	49
1542263558624	92
1542263558681	40
1542263558650	77
1542263558721	57
1542263558716	74
1542263558727	68
1542263558778	56
1542263558795	50
1542263558790	82
1542263558834	43
1542263558845	70
1542263558877	48
1542263558872	63
1542263558925	42
1542263558915	64
1542263558935	74
1542263558967	44
1542263558979	42
1542263559009	52
1542263559021	70
1542263559061	79
1542263559091	49
1542263559140	50
1542263559140	121
1542263559190	83
1542263559011	294
1542263559261	46
1542263559273	44
1542263559305	62
1542263559317	71
1542263559367	74
1542263559307	140
1542263559388	68
1542263559441	42
1542263559447	46
1542263559456	40
1542263559483	45
1542263559496	44
1542263559493	55
1542263559540	37
1542263559528	51
1542263559548	50
1542263559577	46
1542263559598	36
1542263559579	68
1542263559623	47
1542263559634	47
1542263559647	44
1542263559681	52
1542263559670	67
1542263559691	57
1542263559733	52
1542263559737	52
1542263559748	42
1542263559789	47
1542263559785	68
1542263559790	64
1542263559836	45
1542263559854	48
1542263559853	58
1542263559881	49
1542263559902	48
1542263559911	78
1542263559931	77
1542263559950	58
1542263559989	72
1542263560008	60
1542263560009	60
1542263560061	52
1542263560069	47
1542263560068	53
1542263560113	48
1542263560121	41
1542263560116	53
1542263560162	50
1542263560169	58
1542263560161	77
1542263560227	72
1542263560212	95
1542263560238	71
1542263560299	41
1542263560307	44
1542263560309	44
1542263560340	48
1542263560353	52
1542263560388	44
1542263560351	81
1542263560405	50
1542263560432	42
1542263560432	57
1542263560455	75
1542263560474	56
1542263560489	56
1542263560530	59
1542263560545	54
1542263560530	79
1542263560599	48
1542263560589	58
1542263560609	40
1542263560647	40
1542263560647	47
1542263560649	47
1542263560687	52
1542263560694	46
1542263560696	54
1542263560740	39
1542263560750	39
1542263560739	53
1542263560779	43
1542263560789	45
1542263560792	71
1542263560822	59
1542263560834	61
1542263560863	42
1542263560881	41
1542263560905	50
1542263560895	60
1542263560922	50
1542263560955	46
1542263560972	35
1542263560955	63
1542263561001	45
1542263561007	56
1542263561018	45
1542263561046	52
1542263561063	45
1542263561063	45
1542263561098	46
1542263561108	79
1542263561108	81
1542263561144	48
1542263561187	49
1542263561189	61
1542263561192	61
1542263561236	38
1542263561250	49
1542263561253	54
1542263561275	45
1542263561299	43
1542263561320	51
1542263561307	67
1542263561342	39
1542263561371	41
1542263561381	44
1542263561374	54
1542263561428	50
1542263561412	74
1542263561425	65
1542263561478	47
1542263561486	41
1542263561490	52
1542263561525	46
1542263561527	52
1542263561542	51
1542263561571	57
1542263561579	50
1542263561593	49
1542263561628	43
1542263561629	56
1542263561642	49
1542263561671	47
1542263561685	47
1542263561691	49
1542263561718	56
1542263561732	51
1542263561740	57
1542263561774	42
1542263561783	45
1542263561797	50
1542263561816	50
1542263561828	49
1542263561847	37
1542263561866	61
1542263561884	52
1542263561877	102
1542263561927	61
1542263561936	59
1542263561979	48
1542263561988	46
1542263561995	47
1542263562027	54
1542263562034	66
1542263562042	65
1542263562081	39
1542263562107	41
1542263562100	50
1542263562120	40
1542263562150	37
1542263562148	45
1542263562160	40
1542263562187	39
1542263562200	48
1542263562193	58
1542263562226	48
1542263562248	43
1542263562251	46
1542263562274	52
1542263562291	36
1542263562297	41
1542263562338	52
1542263562327	70
1542263562326	71
1542263562397	51
1542263562397	55
1542263562391	63
1542263562454	49
1542263562452	55
1542263562448	61
1542263562509	40
1542263562507	62
1542263562549	45
1542263562503	106
1542263562569	48
1542263562594	47
1542263562609	56
1542263562617	65
1542263562641	59
1542263562665	49
1542263562682	51
1542263562700	57
1542263562733	39
1542263562714	61
1542263562758	42
1542263562772	44
1542263562775	45
1542263562800	49
1542263562820	60
1542263562816	76
1542263562849	51
1542263562880	46
1542263562892	74
1542263562926	63
1542263562900	102
1542263562966	39
1542263562989	57
1542263563005	46
1542263563002	66
1542263563068	37
1542263563046	59
1542263563051	61
1542263563105	45
1542263563105	55
1542263563112	62
1542263563150	42
1542263563160	52
1542263563174	47
1542263563212	38
1542263563193	83
1542263563221	69
1542263563250	47
1542263563276	55
1542263563290	46
1542263563297	46
1542263563331	35
1542263563343	39
1542263563336	50
1542263563366	34
1542263563382	43
1542263563386	51
1542263563400	41
1542263563437	50
1542263563425	64
1542263563441	73
1542263563487	45
1542263563489	60
1542263563514	57
1542263563532	46
1542263563549	68
1542263563571	58
1542263563579	55
1542263563617	48
1542263563629	43
1542263563634	52
1542263563665	54
1542263563672	57
1542263563686	49
1542263563719	45
1542263563729	43
1542263563736	38
1542263563764	48
1542263563772	50
1542263563774	48
1542263563812	54
1542263563822	63
1542263563822	65
1542263563866	43
1542263563887	38
1542263563885	46
1542263563925	41
1542263563909	58
1542263563967	40
1542263563966	49
1542263563931	85
1542263564016	44
1542263564007	69
1542263564015	62
1542263564060	46
1542263564077	40
1542263564076	43
1542263564117	52
1542263564106	64
1542263564119	64
1542263564183	38
1542263564169	62
1542263564170	61
1542263564222	40
1542263564231	42
1542263564231	64
1542263564263	42
1542263564273	49
1542263564295	50
1542263564305	51
1542263564322	36
1542263564345	45
1542263564359	41
1542263564356	50
1542263564390	49
1542263564400	40
1542263564406	51
1542263564439	45
1542263564457	41
1542263564440	66
1542263564484	42
1542263564498	51
1542263564506	51
1542263564526	42
1542263564549	51
1542263564557	52
1542263564568	42
1542263564600	45
1542263564609	46
1542263564610	63
1542263564645	41
1542263564655	53
1542263564673	55
1542263564686	44
1542263564708	53
1542263564729	56
1542263564730	65
1542263564761	61
1542263564785	42
1542263564795	52
1542263564822	48
1542263564827	53
1542263564847	51
1542263564870	40
1542263564880	50
1542263564898	41
1542263564910	45
1542263564939	48
1542263564930	58
1542263564955	46
1542263564987	45
1542263564988	50
1542263565001	50
1542263565032	57
1542263565038	51
1542263565051	39
1542263565090	48
1542263565089	64
1542263565089	64
1542263565153	57
1542263565153	65
1542263565138	91
1542263565210	45
1542263565229	52
1542263565218	64
1542263565255	48
1542263565282	49
1542263565281	51
1542263565331	47
1542263565332	62
1542263565378	45
1542263565394	42
1542263565423	65
1542263565436	59
1542263565488	38
1542263565495	47
1542263565303	259
1542263565526	44
1542263565542	39
1542263565570	39
1542263565562	53
1542263565581	49
1542263565609	57
1542263565615	67
1542263565630	59
1542263565666	61
1542263565682	47
1542263565689	44
1542263565727	48
1542263565733	46
1542263565729	51
1542263565779	46
1542263565775	73
1542263565780	78
1542263565825	45
1542263565848	44
1542263565870	36
1542263565858	50
1542263565892	59
1542263565908	71
1542263565906	73
1542263565951	41
1542263565979	48
1542263565979	51
1542263565992	43
1542263566027	48
1542263566035	46
1542263566030	59
1542263566075	46
1542263566081	48
1542263566129	39
1542263566121	47
1542263566089	124
1542263566168	45
1542263566168	52
1542263566220	49
1542263566213	58
1542263566213	68
1542263566269	43
1542263566281	46
1542263566271	73
1542263566312	48
1542263566327	55
1542263566344	52
1542263566360	38
1542263566382	52
1542263566396	44
1542263566398	65
1542263566434	50
1542263566440	56
1542263566463	46
1542263566484	47
1542263566496	50
1542263566509	54
1542263566531	47
1542263566546	49
1542263566563	49
1542263566578	48
1542263566595	53
1542263566612	62
1542263566626	63
1542263566648	41
1542263566674	46
1542263566689	47
1542263566689	47
1542263566720	71
1542263566736	57
1542263566736	61
1542263566797	39
1542263566791	53
1542263566793	52
1542263566844	42
1542263566845	41
1542263566836	59
1542263566886	47
1542263566886	65
1542263566895	67
1542263566933	63
1542263566951	57
1542263566962	51
1542263566996	54
1542263567008	63
1542263567013	63
1542263567050	49
1542263567076	40
1542263567071	52
1542263567099	45
1542263567116	48
1542263567145	48
1542263567123	86
1542263567164	68
1542263567193	62
1542263567209	46
1542263567232	48
1542263567255	48
1542263567255	54
1542263567280	38
1542263567303	51
1542263567309	45
1542263567318	42
1542263567354	38
1542263567360	47
1542263567354	55
1542263567392	35
1542263567407	60
1542263567409	91
1542263567427	81
1542263567467	47
1542263567500	49
1542263567508	51
1542263567514	47
1542263567549	47
1542263567561	40
1542263567559	52
1542263567601	41
1542263567596	48
1542263567611	48
1542263567642	40
1542263567644	48
1542263567659	70
1542263567682	50
1542263567692	42
1542263567734	49
1542263567732	61
1542263567729	64
1542263567783	59
1542263567793	52
1542263567793	60
1542263567845	45
1542263567842	53
1542263567853	65
1542263567890	51
1542263567895	52
1542263567918	41
1542263567947	44
1542263567959	43
1542263567941	65
1542263568002	44
1542263567991	55
1542263568006	43
1542263568046	51
1542263568049	48
1542263568046	53
1542263568097	52
1542263568099	51
1542263568097	55
1542263568149	46
1542263568152	45
1542263568150	67
1542263568195	37
1542263568197	52
1542263568232	50
1542263568217	73
1542263568249	52
1542263568282	50
1542263568291	57
1542263568301	67
1542263568348	41
1542263568332	66
1542263568368	42
1542263568398	40
1542263568389	53
1542263568410	42
1542263568442	43
1542263568438	47
1542263568452	46
1542263568485	47
1542263568485	67
1542263568498	56
1542263568532	35
1542263568554	57
1542263568552	62
1542263568567	57
1542263568611	39
1542263568624	45
1542263568614	109
1542263568669	68
1542263568650	88
1542263568723	42
1542263568737	42
1542263568738	42
1542263568765	46
1542263568779	52
1542263568780	60
1542263568811	43
1542263568840	44
1542263568831	57
1542263568854	42
1542263568884	37
1542263568888	54
1542263568896	47
1542263568943	53
1542263568921	81
1542263568942	74
1542263568996	48
1542263569002	47
1542263569016	41
1542263569044	41
1542263569049	49
1542263569057	46
1542263569085	64
1542263569098	52
1542263569103	58
1542263569150	47
1542263569149	49
1542263569161	73
1542263569198	51
1542263569197	56
1542263569249	43
1542263569234	68
1542263569253	59
1542263569292	61
1542263569312	47
1542263569302	69
1542263569353	47
1542263569359	42
1542263569371	47
1542263569401	42
1542263569400	54
1542263569418	55
1542263569454	47
1542263569443	76
1542263569473	57
1542263569501	41
1542263569519	49
1542263569530	66
1542263569542	57
1542263569568	47
1542263569596	43
1542263569599	45
1542263569615	44
1542263569639	42
1542263569644	48
1542263569659	37
1542263569692	58
1542263569696	55
1542263569681	86
1542263569750	46
1542263569751	63
1542263569767	66
1542263569796	47
1542263569814	59
1542263569833	52
1542263569843	46
1542263569873	40
1542263569889	51
1542263569885	66
1542263569913	53
1542263569940	48
1542263569966	42
1542263569951	60
1542263569988	44
1542263570011	58
1542263570008	67
1542263570032	44
1542263570076	45
1542263570075	53
1542263570069	61
1542263570122	49
1542263570128	50
1542263570130	63
1542263570171	37
1542263570178	52
1542263570208	40
1542263570193	66
1542263570230	54
1542263570248	41
1542263570259	38
1542263570284	55
1542263570289	58
1542263570339	44
1542263570347	39
1542263570383	45
1542263570386	45
1542263570297	137
1542263570431	57
1542263570428	63
1542263570434	67
1542263570491	52
1542263570488	60
1542263570501	53
1542263570543	44
1542263570548	44
1542263570554	40
1542263570592	47
1542263570594	56
1542263570587	74
1542263570639	49
1542263570650	59
1542263570661	51
1542263570688	39
1542263570712	73
1542263570709	82
1542263570727	74
1542263570785	54
1542263570791	48
1542263570801	51
1542263570839	42
1542263570839	50
1542263570852	48
1542263570881	47
1542263570889	50
1542263570900	40
1542263570928	52
1542263570940	51
1542263570939	53
1542263570980	48
1542263570991	46
1542263570992	45
1542263571028	55
1542263571037	59
1542263571037	77
1542263571083	45
1542263571096	52
1542263571128	39
1542263571114	66
1542263571148	47
1542263571167	44
1542263571180	41
1542263571195	53
1542263571211	43
1542263571221	42
1542263571248	41
1542263571263	45
1542263571254	54
1542263571289	66
1542263571308	51
1542263571308	65
1542263571359	41
1542263571373	40
1542263571355	59
1542263571400	52
1542263571415	42
1542263571413	55
1542263571457	45
1542263571468	34
1542263571452	54
1542263571502	36
1542263571502	49
1542263571506	48
1542263571538	42
1542263571554	50
1542263571551	54
1542263571580	42
1542263571604	52
1542263571605	78
1542263571622	61
1542263571656	51
1542263571683	72
1542263571683	76
1542263571707	62
1542263571755	45
1542263571759	50
1542263571769	52
1542263571801	45
1542263571821	38
1542263571809	50
1542263571846	46
1542263571859	41
1542263571859	44
1542263571892	57
1542263571900	50
1542263571903	73
1542263571949	44
1542263571950	64
1542263571976	42
1542263571993	45
1542263572018	40
1542263572014	58
1542263572038	46
1542263572058	49
1542263572072	46
1542263572084	46
1542263572107	45
1542263572118	49
1542263572130	48
1542263572178	41
1542263572167	52
1542263572152	71
1542263572219	68
1542263572219	83
1542263572223	87
1542263572287	44
1542263572310	40
1542263572302	67
1542263572331	41
1542263572350	48
1542263572369	63
1542263572372	65
1542263572398	49
1542263572432	57
1542263572437	52
1542263572447	59
1542263572489	59
1542263572506	42
1542263572489	61
1542263572548	52
1542263572550	50
1542263572548	56
1542263572604	45
1542263572600	49
1542263572600	50
1542263572650	59
1542263572650	61
1542263572650	66
1542263572716	48
1542263572709	56
1542263572711	64
1542263572764	42
1542263572765	54
1542263572775	47
1542263572806	84
1542263572822	68
1542263572819	76
1542263572895	42
1542263572890	48
1542263572890	52
1542263572938	53
1542263572942	49
1542263572937	58
1542263572995	44
1542263572991	48
1542263572991	78
1542263573039	43
1542263573039	49
1542263573069	41
1542263573082	49
1542263573088	44
1542263573110	59
1542263573132	60
1542263573131	65
1542263573169	59
1542263573192	51
1542263573196	54
1542263573228	53
1542263573243	40
1542263573250	40
1542263573290	55
1542263573281	66
1542263573283	66
1542263573345	53
1542263573349	52
1542263573347	60
1542263573401	47
1542263573398	50
1542263573407	42
1542263573448	42
1542263573449	46
1542263573448	47
1542263573495	44
1542263573495	55
1542263573491	77
1542263573550	47
1542263573539	61
1542263573568	49
1542263573597	55
1542263573600	52
1542263573617	45
1542263573652	36
1542263573652	43
1542263573662	44
1542263573688	44
1542263573695	49
1542263573706	49
1542263573744	38
1542263573732	51
1542263573755	41
1542263573782	75
1542263573783	84
1542263573796	83
1542263573867	43
1542263573857	60
1542263573879	53
1542263573910	65
1542263573917	64
1542263573932	61
1542263573981	48
1542263573975	58
1542263573993	57
1542263574029	47
1542263574033	59
1542263574050	42
1542263574076	43
1542263574092	45
1542263574092	61
1542263574120	46
1542263574137	53
1542263574153	59
1542263574166	62
1542263574212	36
1542263574190	62
1542263574228	57
1542263574248	51
1542263574252	56
1542263574285	43
1542263574299	71
1542263574308	63
1542263574328	48
1542263574376	60
1542263574371	68
1542263574370	71
1542263574441	42
1542263574436	49
1542263574439	50
1542263574483	39
1542263574485	60
1542263574489	58
1542263574522	52
1542263574545	40
1542263574547	54
1542263574585	36
1542263574574	55
1542263574601	65
1542263574621	79
1542263574629	72
1542263574666	51
1542263574701	49
1542263574700	52
1542263574717	52
1542263574750	41
1542263574752	76
1542263574791	57
1542263574828	38
1542263574769	118
1542263574848	42
1542263574866	45
1542263574887	48
1542263574890	48
1542263574911	73
1542263574935	54
1542263574938	51
1542263574989	49
1542263574989	59
1542263574984	65
1542263575038	63
1542263575048	55
1542263575049	56
1542263575103	53
1542263575101	57
1542263575105	64
1542263575158	40
1542263575156	64
1542263575169	79
1542263575198	52
1542263575220	59
1542263575248	51
1542263575250	50
1542263575279	50
1542263575299	50
1542263575329	49
1542263575300	95
1542263575349	47
1542263575378	54
1542263575395	46
1542263575396	54
1542263575432	49
1542263575441	57
1542263575450	49
1542263575481	42
1542263575498	51
1542263575499	50
1542263575523	56
1542263575549	65
1542263575549	80
1542263575579	90
1542263575614	59
1542263575669	57
1542263575673	59
1542263575629	120
1542263575732	36
1542263575749	47
1542263575726	82
1542263575768	43
1542263575796	52
1542263575808	56
1542263575864	44
1542263575848	64
1542263575811	118
1542263575908	42
1542263575912	56
1542263575929	51
1542263575950	49
1542263575968	41
1542263575980	43
1542263575999	49
1542263576009	45
1542263576023	65
1542263576049	46
1542263576054	57
1542263576088	56
1542263576095	55
1542263576111	57
1542263576150	63
1542263576168	51
1542263576144	86
1542263576219	49
1542263576230	41
1542263576213	74
1542263576268	56
1542263576271	55
1542263576287	44
1542263576324	38
1542263576326	44
1542263576332	41
1542263576362	47
1542263576373	45
1542263576370	58
1542263576409	72
1542263576418	69
1542263576428	78
1542263576481	43
1542263576487	41
1542263576506	47
1542263576528	60
1542263576553	49
1542263576524	84
1542263576588	43
1542263576608	48
1542263576602	68
1542263576631	40
1542263576656	50
1542263576670	60
1542263576671	59
1542263576706	70
1542263576730	69
1542263576776	51
1542263576730	99
1542263576829	54
1542263576799	89
1542263576827	61
1542263576883	47
1542263576888	52
1542263576930	42
1542263576940	45
1542263576888	102
1542263576990	42
1542263576985	52
1542263576972	82
1542263577037	58
1542263577032	66
1542263577054	46
1542263577100	44
1542263577096	51
1542263577098	51
1542263577147	42
1542263577149	45
1542263577144	69
1542263577189	47
1542263577194	54
1542263577213	59
1542263577248	43
1542263577272	55
1542263577237	91
1542263577291	61
1542263577327	71
1542263577328	84
1542263577352	76
1542263577398	45
1542263577412	56
1542263577428	41
1542263577443	39
1542263577468	43
1542263577469	47
1542263577511	60
1542263577516	71
1542263577482	127
1542263577571	53
1542263577587	45
1542263577609	67
1542263577633	60
1542263577624	83
1542263577693	64
1542263577676	81
1542263577707	81
1542263577757	47
1542263577757	62
1542263577789	42
1542263577804	47
1542263577831	36
1542263577819	69
1542263577851	52
1542263577867	57
1542263577888	41
1542263577903	67
1542263577924	64
1542263577929	60
1542263577970	45
1542263577989	47
1542263577988	49
1542263578015	48
1542263578037	39
1542263578036	49
1542263578063	37
1542263578076	45
1542263578085	42
1542263578100	43
1542263578121	44
1542263578143	65
1542263578165	45
1542263578127	119
1542263578208	53
1542263578210	66
1542263578247	72
1542263578261	67
1542263578277	57
1542263578328	41
1542263578334	41
1542263578319	60
1542263578369	59
1542263578375	54
1542263578379	71
1542263578429	58
1542263578450	48
1542263578429	78
1542263578498	39
1542263578487	57
1542263578537	50
1542263578507	82
1542263578544	45
1542263578587	43
1542263578589	41
1542263578589	44
1542263578630	41
1542263578630	44
1542263578633	72
1542263578671	41
1542263578674	41
1542263578715	42
1542263578705	53
1542263578712	61
1542263578757	60
1542263578758	62
1542263578773	47
1542263578820	40
1542263578817	46
1542263578820	45
1542263578860	52
1542263578865	58
1542263578863	60
1542263578923	42
1542263578912	66
1542263578923	55
1542263578965	42
1542263578978	50
1542263578978	54
1542263579007	43
1542263579028	42
1542263579032	69
1542263579050	52
1542263579070	51
1542263579101	69
1542263579121	61
1542263579102	85
1542263579170	55
1542263579187	42
1542263579182	49
1542263579231	54
1542263579285	64
1542263579349	47
1542263579225	199
1542263579229	200
1542263579396	54
1542263579424	50
1542263579429	65
1542263579450	57
1542263579474	65
1542263579494	46
1542263579507	39
1542263579540	52
1542263579539	53
1542263579546	52
1542263579598	47
1542263579592	58
1542263579592	77
1542263579645	40
1542263579669	41
1542263579650	71
1542263579685	63
1542263579710	62
1542263579721	63
1542263579748	49
1542263579772	42
1542263579784	43
1542263579797	41
1542263579814	47
1542263579827	41
1542263579839	45
1542263579861	38
1542263579868	39
1542263579884	40
1542263579899	39
1542263579907	66
1542263579938	48
1542263579924	68
1542263579973	58
1542263579986	46
1542263579992	44
1542263580032	79
1542263580031	85
1542263580036	82
1542263580118	46
1542263580116	53
1542263580111	59
1542263580164	42
1542263580169	40
1542263580170	45
1542263580206	47
1542263580215	50
1542263580209	78
1542263580253	54
1542263580265	63
1542263580287	46
1542263580307	66
1542263580328	63
1542263580333	59
1542263580373	45
1542263580391	33
1542263580392	41
1542263580418	41
1542263580424	47
1542263580433	41
1542263580459	44
1542263580474	45
1542263580471	66
1542263580503	55
1542263580519	50
1542263580537	42
1542263580569	47
1542263580558	58
1542263580579	45
1542263580616	63
1542263580616	68
1542263580624	79
1542263580679	39
1542263580684	35
1542263580703	45
1542263580719	59
1542263580718	61
1542263580748	50
1542263580778	49
1542263580779	53
1542263580798	45
1542263580827	48
1542263580843	44
1542263580832	57
1542263580875	48
1542263580887	42
1542263580889	45
1542263580929	62
1542263580923	71
1542263580934	76
1542263580994	46
1542263580991	51
1542263581010	45
1542263581040	44
1542263581042	47
1542263581055	44
1542263581084	50
1542263581099	46
1542263581089	60
1542263581134	41
1542263581149	39
1542263581145	44
1542263581175	52
1542263581189	41
1542263581188	42
1542263581230	81
1542263581230	87
1542263581227	106
1542263581312	61
1542263581317	57
1542263581333	46
1542263581374	53
1542263581373	62
1542263581379	56
1542263581427	45
1542263581435	43
1542263581435	46
1542263581478	37
1542263581481	41
1542263581472	57
1542263581515	69
1542263581522	63
1542263581529	63
1542263581585	46
1542263581584	63
1542263581592	62
1542263581631	46
1542263581647	40
1542263581654	44
1542263581677	50
1542263581687	42
1542263581698	33
1542263581729	39
1542263581731	58
1542263581727	63
1542263581768	61
1542263581789	63
1542263581790	78
1542263581829	62
1542263581852	43
1542263581868	52
1542263581891	56
1542263581895	52
1542263581920	52
1542263581947	51
1542263581972	42
1542263581947	70
1542263581998	52
1542263582014	42
1542263582017	42
1542263582056	63
1542263582059	63
1542263582050	73
1542263582119	62
1542263582123	67
1542263582122	71
1542263582190	45
1542263582182	53
1542263582193	53
1542263582235	54
1542263582235	55
1542263582246	44
1542263582289	59
1542263582290	59
1542263582290	67
1542263582349	72
1542263582357	65
1542263582348	77
1542263582421	50
1542263582425	73
1542263582422	78
1542263582471	49
1542263582500	46
1542263582498	55
1542263582520	42
1542263582546	35
1542263582553	41
1542263582562	41
1542263582581	40
1542263582594	44
1542263582603	65
1542263582621	54
1542263582638	57
1542263582668	53
1542263582675	48
1542263582695	52
1542263582723	46
1542263582721	48
1542263582769	40
1542263582747	63
1542263582769	62
1542263582809	44
1542263582810	48
1542263582831	41
1542263582853	47
1542263582872	45
1542263582858	73
1542263582900	72
1542263582917	59
1542263582931	46
1542263582977	50
1542263582976	53
1542263582972	58
1542263583030	55
1542263583030	63
1542263583027	82
1542263583085	54
1542263583093	56
1542263583109	59
1542263583139	56
1542263583149	47
1542263583168	47
1542263583196	49
1542263583196	59
1542263583245	47
1542263583215	77
1542263583255	58
1542263583292	42
1542263583313	36
1542263583292	65
1542263583335	56
1542263583349	43
1542263583357	61
1542263583391	60
1542263583392	62
1542263583418	56
1542263583454	49
1542263583474	45
1542263583503	44
1542263583519	52
1542263583547	50
1542263583597	42
1542263583639	65
1542263583704	43
1542263583747	43
1542263583791	44
1542263583835	39
1542263583874	66
